chrom	start	end	tissue number	difference	tissue methylation	other tissue methylation
chr1	823448	823449	0	0.2537145621902289	0.5889894736842105	0.8427040358744394
chr1	798907	798908	0	0.2605763157894738	0.6669999999999999	0.9275763157894737
chr1	125413	125414	0	0.28632505481531456	0.875	0.5886749451846854
chr1	268036	268037	0	0.26586440677966106	0.4	0.13413559322033897
chr1	865269	865270	0	0.2976785714285717	0.6669999999999999	0.9646785714285716
chr1	181540	181541	0	0.3511278350515464	0.19980000000000003	0.5509278350515464
chr1	916409	916410	0	0.2786665371162068	0.891698795180723	0.6130322580645162
chr1	867085	867086	0	0.29091904761904763	0.9666333333333333	0.6757142857142857
chr1	873203	873204	1	0.3076586746586746	0.4357179487179488	0.7433766233766234
chr1	288973	288974	1	0.3166333333333333	0.5	0.8166333333333333
chr1	898866	898867	1	0.3263191489361704	0.9110000000000003	0.5846808510638298
chr1	905465	905466	1	0.3679929146537842	0.38514074074074073	0.01714782608695652
chr1	136845	136846	1	0.32746511627906993	0.5559999999999999	0.8834651162790699
chr1	905475	905476	1	0.35218137254901966	0.4104166666666667	0.05823529411764706
chr1	898088	898089	1	0.39049999999999996	0.703125	0.31262500000000004
chr1	181475	181476	1	0.34781920281519746	0.49264788732394366	0.8404670901391411
chr1	905532	905533	1	0.41233936403508775	0.5207604166666667	0.10842105263157895
chr1	898895	898896	1	0.40620114942528734	0.8851666666666667	0.4789655172413793
chr1	912279	912280	1	0.6751720430107526	0.9333333333333333	0.25816129032258067
chr1	912902	912903	1	0.3805699745547074	0.6032366412213741	0.22266666666666665
chr1	877379	877380	1	0.4636270588235295	0.37635294117647056	0.8399800000000001
chr1	912915	912916	1	0.5075200905489532	0.6128709677419356	0.10535087719298246
chr1	752449	752450	1	0.46838709677419355	0.5	0.9683870967741935
chr1	904237	904238	2	0.21236363636363648	0.666909090909091	0.45454545454545453
chr1	838332	838333	2	0.21600000000000008	0.4139999999999999	0.63
chr1	890606	890607	2	0.2174537499999999	0.51590625	0.7333599999999999
chr1	634920	634921	2	0.24355170786516855	0.81	0.5664482921348315
chr1	600635	600636	2	0.329375	0.4	0.729375
chr1	819720	819721	2	0.6430113636363637	0.0	0.6430113636363637
chr1	605419	605420	2	0.25025	0.0	0.25025
chr1	866897	866898	2	0.3387862215909092	0.5	0.8387862215909092
chr1	292235	292236	2	0.475	0.125	0.6
chr1	626079	626080	2	0.3066411483253588	0.5266315789473685	0.8332727272727273
chr1	181631	181632	3	0.2327317073170735	0.5852682926829268	0.8180000000000003
chr1	770967	770968	3	0.23484005287508292	0.7060588235294117	0.9408988764044947
chr1	913100	913101	3	0.23513613684960766	0.9075869565217388	0.6724508196721312
chr1	188549	188550	3	0.2508710826210826	0.7309807692307693	0.9818518518518519
chr1	898212	898213	3	0.25348899371069183	0.3020943396226415	0.5555833333333333
chr1	887172	887173	3	0.2650522528160201	0.6170212765957447	0.8820735294117648
chr1	894005	894006	3	0.2493162280701755	0.6843157894736842	0.9336320175438597
chr1	181000	181001	3	0.2588196480938415	0.47650000000000003	0.7353196480938415
chr1	898144	898145	3	0.25752847152847147	0.35169230769230775	0.6092207792207792
chr1	591100	591101	3	0.2967833333333334	0.65025	0.9470333333333334
chr1	856476	856477	3	0.28495121951219526	0.6669999999999999	0.9519512195121952
chr1	591116	591117	3	0.30214285714285716	0.625	0.9271428571428572
chr1	833793	833794	3	0.31299099099099104	0.6669999999999999	0.979990990990991
chr1	865285	865286	3	0.2630520581113803	0.6669999999999999	0.9300520581113803
chr1	841325	841326	3	0.3376296296296296	0.6	0.9376296296296296
chr1	597862	597863	4	0.2330000000000001	0.6	0.8330000000000001
chr1	885811	885812	4	0.23881818181818193	0.875	0.6361818181818181
chr1	910435	910436	4	0.2611600496277916	0.5191923076923077	0.25803225806451613
chr1	880230	880231	4	0.2924657534246575	0.5	0.7924657534246575
chr1	889225	889226	4	0.27322368421052634	1.0	0.7267763157894737
chr1	270814	270815	5	0.2502937948501477	0.9808155339805825	0.7305217391304348
chr1	882139	882140	5	0.23771638762049707	0.8519629629629629	0.6142465753424659
chr1	129331	129332	5	0.25423737373737376	0.9614999999999999	0.7072626262626261
chr1	894406	894407	5	0.26371428847372247	0.5286981132075472	0.26498382473382476
chr1	880693	880694	5	0.33581897945047334	0.7051147540983607	0.3692957746478873
chr1	866907	866908	5	0.27749999999999997	1.0	0.7225
chr1	856488	856489	6	0.24376760563380295	0.6669999999999999	0.9107676056338029
chr1	913142	913143	6	0.2519048732943471	0.4740210526315789	0.725925925925926
chr1	191112	191113	6	0.2591495098039216	0.6985588235294117	0.9577083333333333
chr1	876364	876365	6	0.25558193277310925	0.625	0.8805819327731093
chr1	853851	853852	6	0.2853333333333333	0.6669999999999999	0.9523333333333333
chr1	912435	912436	6	0.2777332089552239	0.5221417910447761	0.799875
chr1	186660	186661	6	0.2605403127014829	0.6384468085106383	0.8989871212121212
chr1	898878	898879	6	0.2547171717171717	0.3547272727272728	0.6094444444444445
chr1	191549	191550	6	0.3437591204397802	0.4492753623188406	0.7930344827586208
chr1	915973	915974	6	0.28692319508448544	0.483505376344086	0.7704285714285715
chr1	869564	869565	6	0.4296383508891154	0.42227522935779815	0.8519135802469135
chr1	190114	190115	6	0.28349452269170583	0.605394366197183	0.8888888888888888
chr1	270893	270894	6	0.31208098591549305	0.563169014084507	0.8752500000000001
chr1	915976	915977	6	0.31434799608993147	0.5479247311827957	0.8622727272727272
chr1	906382	906383	6	0.48205440613026795	0.13861111111111113	0.6206655172413791
chr1	191525	191526	6	0.39534959349593496	0.4513170731707317	0.8466666666666667
chr1	906380	906381	6	0.4196882636060718	0.30624324324324326	0.7259315068493151
chr1	906386	906387	6	0.3892187986844385	0.42206422018348627	0.8112830188679248
chr1	868047	868048	6	0.3659986273164035	0.37112903225806454	0.737127659574468
chr1	181436	181437	7	0.6099518072289157	0.125	0.7349518072289157
chr1	181415	181416	7	0.6362	0.0	0.6362
chr1	777984	777985	7	0.6148022598870055	0.3333333333333333	0.9481355932203389
chr1	867183	867184	7	0.6414285714285715	0.1875	0.8289285714285715
chr1	777912	777913	7	0.6321070234113713	0.34615384615384615	0.9782608695652174
chr1	181503	181504	7	0.6363793103448275	0.25	0.8863793103448275
chr1	845788	845789	7	0.6208735150244584	0.2962962962962963	0.9171698113207547
chr1	872656	872657	7	0.6384473684210525	0.2	0.8384473684210526
chr1	866995	866996	7	0.6567857142857142	0.1875	0.8442857142857142
chr1	883029	883030	7	0.6164655172413793	0.3103448275862069	0.9268103448275862
chr1	889463	889464	7	0.6514732142857143	0.2857142857142857	0.9371875
chr1	270835	270836	7	0.6416957862281604	0.2857142857142857	0.9274100719424461
chr1	181636	181637	7	0.6726190476190477	0.2857142857142857	0.9583333333333334
chr1	181368	181369	7	0.6426896551724137	0.3	0.9426896551724138
chr1	779896	779897	7	0.7581034482758621	0.20689655172413793	0.965
chr1	780043	780044	7	0.7337333333333331	0.23333333333333334	0.9670666666666665
chr1	883150	883151	7	0.6943564356435644	0.05	0.7443564356435645
chr1	181672	181673	7	0.703516129032258	0.2	0.9035161290322581
chr1	778007	778008	7	0.6664772727272728	0.21875	0.8852272727272728
chr1	867005	867006	7	0.7008014705882353	0.058823529411764705	0.759625
chr1	181175	181176	7	0.6987500000000001	0.0	0.6987500000000001
chr1	181438	181439	7	0.6431428571428572	0.125	0.7681428571428572
chr1	845543	845544	7	0.6545787451150674	0.2857142857142857	0.9402930308293531
chr1	181379	181380	7	0.6376623376623376	0.3	0.9376623376623376
chr1	777995	777996	7	0.6900823857302117	0.1794871794871795	0.8695695652173913
chr1	778100	778101	7	0.7652857142857142	0.08571428571428572	0.851
chr1	181455	181456	7	0.6954328358208954	0.2	0.8954328358208955
chr1	181525	181526	7	0.7363333333333334	0.0	0.7363333333333334
chr1	902471	902472	7	0.6638095238095238	0.17142857142857143	0.8352380952380952
chr1	778108	778109	7	0.6464646464646464	0.24242424242424243	0.8888888888888888
chr1	181628	181629	7	0.6373626373626374	0.2857142857142857	0.9230769230769231
chr1	866848	866849	7	0.8650792280345352	0.0	0.8650792280345352
chr1	181449	181450	7	0.7683333333333336	0.16666666666666666	0.9350000000000003
chr1	181441	181442	7	0.8035714285714286	0.125	0.9285714285714286
chr1	181473	181474	7	0.8000075000000001	0.0	0.8000075000000001
chr1	730742	730743	7	0.7863071895424837	0.17647058823529413	0.9627777777777778
chr1	181197	181198	7	0.8585980392156864	0.0	0.8585980392156864
chr1	181158	181159	7	0.9668666666666667	0.0	0.9668666666666667
chr1	730751	730752	7	0.7491063348416289	0.17647058823529413	0.9255769230769231
chr1	181013	181014	7	0.7777777777777778	0.0	0.7777777777777778
chr1	127491	127492	7	0.6749750132485427	0.11764705882352941	0.7926220720720721
chr1	181667	181668	7	0.7520602409638555	0.2	0.9520602409638554
chr1	181118	181119	7	0.9271428571428572	0.0	0.9271428571428572
chr1	181092	181093	7	0.8841176470588236	0.0	0.8841176470588236
chr1	181138	181139	7	0.8887777777777778	0.0	0.8887777777777778
chr1	289423	289424	7	0.8033389830508475	0.0	0.8033389830508475
chr1	181420	181421	7	0.7646634615384615	0.125	0.8896634615384615
chr1	181071	181072	7	0.9377500000000001	0.0	0.9377500000000001
chr1	780023	780024	7	0.7784577789845235	0.20689655172413793	0.9853543307086614
chr1	181168	181169	7	0.8653378378378378	0.0	0.8653378378378378
chr1	181106	181107	7	0.7501666666666664	0.0	0.7501666666666664
chr1	181675	181676	7	0.7431428571428573	0.2	0.9431428571428573
chr1	909009	909010	7	0.9498165983606558	0.0	0.9498165983606558
chr1	780052	780053	7	0.7896958125939636	0.1724137931034483	0.9621096056974119
chr1	181187	181188	7	0.9073313953488372	0.0	0.9073313953488372
chr1	181152	181153	7	0.9518749999999999	0.0	0.9518749999999999
chr1	181426	181427	7	0.7299189189189189	0.0	0.7299189189189189
chr1	190775	190776	7	0.920625	0.0	0.920625
chr1	505785	505786	7	0.8696956521739131	0.0	0.8696956521739131
chr1	777936	777937	7	0.6955067567567568	0.24324324324324326	0.93875
chr1	181173	181174	7	0.8543187895847995	0.0	0.8543187895847995
chr1	780010	780011	7	0.8667857142857143	0.10714285714285714	0.9739285714285714
chr1	181100	181101	7	0.9210526315789473	0.0	0.9210526315789473
chr1	181149	181150	7	0.930813953488372	0.0	0.930813953488372
chr1	181018	181019	7	0.8406818181818182	0.0	0.8406818181818182
chr1	780008	780009	7	0.7806122448979591	0.17857142857142858	0.9591836734693877
chr1	181647	181648	7	0.7961111111111112	0.16666666666666666	0.9627777777777778
chr1	779902	779903	7	0.6883712121212122	0.23333333333333334	0.9217045454545455
chr1	181998	181999	7	0.7138571428571429	0.0	0.7138571428571429
chr1	181054	181055	7	0.9443333333333334	0.0	0.9443333333333334
chr1	181026	181027	7	0.8616216216216218	0.0	0.8616216216216218
chr1	919531	919532	7	0.7227089947089946	0.14814814814814814	0.8708571428571428
chr1	181181	181182	7	0.844398076923077	0.0	0.844398076923077
chr1	181178	181179	7	0.8884564393939394	0.0	0.8884564393939394
chr1	909047	909048	7	0.9406317204301073	0.0	0.9406317204301073
chr1	181274	181275	7	0.909	0.0	0.909
chr1	181146	181147	7	0.9569565217391305	0.0	0.9569565217391305
chr1	181639	181640	7	0.8270020120724346	0.14285714285714285	0.9698591549295774
chr1	841480	841481	8	0.34566801619433185	0.6153846153846154	0.9610526315789473
chr1	860695	860696	8	0.36559803921568634	0.5	0.8655980392156863
chr1	917005	917006	8	0.36403125000000003	0.39603125	0.032
chr1	870246	870247	8	0.3273517468447046	0.6819090909090909	0.3545573440643863
chr1	841596	841597	8	0.41233532934131745	0.5	0.9123353293413174
chr1	916758	916759	8	0.42585474189675865	0.4872016806722689	0.06134693877551021
chr1	916764	916765	8	0.37786153846153847	0.4238	0.04593846153846154
chr1	916761	916762	8	0.7791025641025642	0.8804358974358976	0.10133333333333333
chr1	916792	916793	8	0.7337689976689976	0.9152538461538461	0.18148484848484847
chr1	916833	916834	8	0.41808115942028984	0.4614	0.043318840579710145
chr1	817073	817074	8	0.7878171401515152	0.8183181818181818	0.030501041666666666
chr1	844201	844202	8	0.49777584059775837	0.4113150684931507	0.9090909090909091
chr1	916635	916636	8	0.6488139534883719	0.8488139534883719	0.2
chr1	916801	916802	8	0.8065232100708104	0.9516451612903226	0.1451219512195122
chr1	916718	916719	8	0.6123581427108228	0.7327029702970297	0.1203448275862069
chr1	841518	841519	8	0.4442666666666666	0.5002	0.9444666666666666
chr1	640474	640475	9	0.2167934782608697	0.6299999999999999	0.8467934782608696
chr1	727762	727763	9	0.22493333333333332	0.75	0.9749333333333333
chr1	137731	137732	9	0.2305625	0.7525	0.9830625
chr1	899086	899087	9	0.22410111835973923	0.6699999999999999	0.8941011183597392
chr1	819128	819129	9	0.23097701149425282	0.3106896551724138	0.5416666666666666
chr1	819075	819076	9	0.24359090909090908	0.6120454545454546	0.8556363636363636
chr1	917992	917993	9	0.23716913069189827	0.5268421052631579	0.7640112359550562
chr1	818863	818864	9	0.2477652173913043	0.7088	0.9565652173913043
chr1	917697	917698	9	0.233826923076923	0.59925	0.8330769230769229
chr1	911760	911761	9	0.24053522727272725	0.4083333333333333	0.6488685606060606
chr1	595908	595909	9	0.25364999999999993	0.665	0.91865
chr1	190728	190729	9	0.25	0.5	0.75
chr1	842605	842606	9	0.31869375	0.625	0.94369375
chr1	722698	722699	9	0.4520542168674697	0.5	0.9520542168674697
chr1	755267	755268	9	0.5	0.5	1.0
chr1	912008	912009	9	0.34851353164840077	0.4001176470588235	0.7486311787072243
chr1	912012	912013	9	0.4149021104625055	0.47023529411764703	0.8851374045801526
chr1	818829	818830	9	0.28509992132179396	0.5856097560975609	0.8707096774193549
chr1	899088	899089	9	0.487625	0.4	0.887625
chr1	727149	727150	9	0.3682608695652173	0.5	0.8682608695652173
chr1	594295	594296	9	0.5512349593495935	0.3333333333333333	0.8845682926829268
chr1	191589	191590	10	0.3981158371040724	0.30770769230769235	0.7058235294117647
chr1	919414	919415	10	0.40321623188405803	0.4666533333333333	0.8698695652173913
chr1	181170	181171	10	0.4031171328671329	1.0	0.5968828671328671
chr1	919429	919430	10	0.4047936063936064	0.3571714285714286	0.761965034965035
chr1	181515	181516	10	0.413453237410072	1.0	0.586546762589928
chr1	181260	181261	10	0.44791666666666674	0.5	0.9479166666666667
chr1	191222	191223	10	0.4377598522167488	0.4857142857142857	0.9234741379310345
chr1	774837	774838	10	0.43999999999999995	0.5	0.94
chr1	908110	908111	10	0.46615015479876165	0.23532352941176468	0.7014736842105264
chr1	913112	913113	10	0.4319069767441862	0.25	0.6819069767441862
chr1	876619	876620	10	0.4205675876411171	0.8181818181818182	0.3976142305407011
chr1	913550	913551	10	0.4401498829039812	0.42857142857142855	0.8687213114754098
chr1	913717	913718	10	0.4558648648648649	0.4	0.8558648648648649
chr1	869618	869619	10	0.48874077501445923	0.5897384615384615	0.10099768652400232
chr1	918455	918456	10	0.514183615819209	0.3333333333333333	0.8475169491525424
chr1	915048	915049	10	0.46906542207792207	0.3750125	0.8440779220779221
chr1	869865	869866	10	0.5	0.5	0.0
chr1	869908	869909	10	0.5	0.5	0.0
chr1	919358	919359	10	0.4527817067421029	0.42857142857142855	0.8813531353135314
chr1	605444	605445	10	0.4462941287878788	0.68750625	0.2412121212121212
chr1	869892	869893	10	0.5	0.5	0.0
chr1	818804	818805	10	0.4784470682730925	0.4666533333333333	0.9451004016064258
chr1	869611	869612	10	0.4786023610053313	0.5384538461538462	0.05985148514851484
chr1	182944	182945	10	0.607	0.25	0.857
chr1	869902	869903	10	0.9893125	1.0	0.0106875
chr1	29336	29337	10	1.0	1.0	0.0
chr1	914901	914902	10	0.5845519125683061	0.3333333333333333	0.9178852459016394
chr1	888710	888711	10	0.591421978021978	0.14288571428571428	0.7343076923076923
chr1	625842	625843	10	0.775	0.0	0.775
chr1	730020	730021	10	0.6300333333333334	0.3333	0.9633333333333334
chr1	853535	853536	10	0.6666666666666667	0.3333333333333333	1.0
chr1	910837	910838	10	0.6	0.0	0.6
chr1	900110	900111	10	0.6038943722943722	0.21425714285714287	0.8181515151515151
chr1	869900	869901	10	0.5	0.5	0.0
chr1	919495	919496	10	0.5318	0.3636	0.8954000000000001
chr1	914032	914033	10	0.5641497549019607	0.2499875	0.8141372549019608
chr1	907801	907802	10	0.7222744680851063	0.2143	0.9365744680851064
chr1	777164	777165	10	0.568472501514234	0.30766923076923075	0.8761417322834647
chr1	919392	919393	10	0.5911504347826086	0.19998	0.7911304347826087
chr1	869871	869872	10	0.47975510204081634	0.5	0.020244897959183675
chr1	915555	915556	10	0.5434375	0.0	0.5434375
chr1	181315	181316	10	0.4656704545454545	1.0	0.5343295454545455
chr1	853532	853533	10	0.5000249999999999	0.499975	1.0
chr1	775194	775195	10	0.6212454545454547	0.3333	0.9545454545454546
chr1	186269	186270	10	0.9568695652173914	0.0	0.9568695652173914
chr1	913584	913585	10	0.5333111111111111	0.33335555555555557	0.8666666666666667
chr1	910814	910815	10	0.733734939759036	0.0	0.733734939759036
chr1	734150	734151	10	0.7378943396226414	0.2222	0.9600943396226415
chr1	893501	893502	11	0.6082142857142857	0.2830357142857143	0.89125
chr1	867103	867104	11	0.6097142857142858	0.11742857142857144	0.7271428571428572
chr1	907933	907934	11	0.6134444444444445	0.198	0.8114444444444444
chr1	128750	128751	11	0.6508105138339921	0.24181818181818182	0.892628695652174
chr1	74952	74953	11	0.635127393980848	0.298953488372093	0.9340808823529411
chr1	875785	875786	11	0.625	0.0	0.625
chr1	921627	921628	11	0.7120688854489163	0.17647058823529413	0.8885394736842105
chr1	599818	599819	11	0.6255	0.2	0.8255
chr1	910610	910611	11	0.6344285714285713	0.1	0.7344285714285713
chr1	874261	874262	11	0.644993894993895	0.035555555555555556	0.6805494505494506
chr1	597137	597138	11	0.8176256157635468	0.0	0.8176256157635468
chr1	618414	618415	11	0.8500499999999999	0.0	0.8500499999999999
chr1	668308	668309	11	0.7888688888888888	0.1111111111111111	0.89998
chr1	874647	874648	11	0.8996590909090909	0.0	0.8996590909090909
chr1	666254	666255	11	0.7439250248262166	0.05263157894736842	0.796556603773585
chr1	598817	598818	11	0.9342507246376812	0.0	0.9342507246376812
chr1	608444	608445	11	0.9207821782178217	0.0	0.9207821782178217
chr1	608563	608564	11	0.8904444444444445	0.0	0.8904444444444445
chr1	604230	604231	11	0.935	0.0	0.935
chr1	882061	882062	11	0.758618556701031	0.01938144329896907	0.778
chr1	595883	595884	11	0.9261016483516484	0.0	0.9261016483516484
chr1	664106	664107	11	0.875	0.0	0.875
chr1	886040	886041	11	0.6912410918381069	0.13378378378378378	0.8250248756218906
chr1	604219	604220	11	0.9308620689655173	0.0	0.9308620689655173
chr1	596838	596839	11	0.7848828347578349	0.03538461538461539	0.8202674501424503
chr1	882231	882232	11	0.6855630961115187	0.04021276595744681	0.7257758620689655
chr1	592668	592669	11	0.7790673076923079	0.0	0.7790673076923079
chr1	873343	873344	11	0.7641826270547428	0.022894736842105263	0.7870773638968481
chr1	608499	608500	11	0.885	0.0	0.885
chr1	596636	596637	11	0.7098130841121495	0.2	0.9098130841121495
chr1	894966	894967	11	0.7894150943396226	0.088	0.8774150943396226
chr1	875025	875026	11	0.8304040404040405	0.09	0.9204040404040404
chr1	668197	668198	11	0.8538660714285715	0.07142857142857142	0.9252946428571429
chr1	841434	841435	12	0.30948720682302777	0.6002142857142857	0.9097014925373135
chr1	844167	844168	12	0.31423908918406074	0.5392903225806451	0.8535294117647059
chr1	831800	831801	12	0.402425987337956	0.5051869158878505	0.9076129032258065
chr1	864702	864703	12	0.33475138121546966	0.41524861878453034	0.75
chr1	864763	864764	12	0.34592372881355926	0.5945	0.9404237288135593
chr1	831675	831676	12	0.4283776604008077	0.5228662420382166	0.9512439024390243
chr1	845808	845809	12	0.36493823663773406	0.5441708542713568	0.9091090909090909
chr1	831565	831566	12	0.43826470588235306	0.49923529411764694	0.9375
chr1	904424	904425	12	0.3658030303030303	0.3936363636363636	0.027833333333333335
chr1	865513	865514	12	0.4236548089591568	0.4857391304347826	0.9093939393939394
chr1	831716	831717	12	0.519884210526316	0.4137999999999999	0.9336842105263159
chr1	866595	866596	12	0.5693203463203462	0.22595238095238096	0.7952727272727272
chr1	833992	833993	12	0.42715858783973115	0.48012048192771084	0.907279069767442
chr1	866487	866488	12	0.4535201612903225	0.42135483870967744	0.874875
chr1	866603	866604	12	0.4330379746835443	0.4569620253164557	0.89
chr1	831839	831840	12	0.46117197235753926	0.4702197802197803	0.9313917525773195
chr1	831499	831500	12	0.4909458450046686	0.3663398692810457	0.8572857142857143
chr1	866693	866694	12	0.41381076623181895	0.32204678362573097	0.7358575498575499
chr1	832179	832180	12	0.45155279503105594	0.3484472049689441	0.8
chr1	831534	831535	12	0.45718003913894323	0.5125342465753424	0.9697142857142856
chr1	780997	780998	12	0.4816211734693876	0.43625	0.9178711734693876
chr1	866494	866495	12	0.40236233711643554	0.5143589743589744	0.9167213114754099
chr1	832224	832225	12	0.5272002737226277	0.34773722627737225	0.8749374999999999
chr1	913773	913774	13	0.43886904761904766	0.22779761904761897	0.6666666666666666
chr1	727214	727215	13	0.4505607274301797	0.5171812080536913	0.967741935483871
chr1	879178	879179	13	0.45900403225806446	0.22162500000000002	0.6806290322580645
chr1	860438	860439	13	0.5158253313696615	0.3052571428571429	0.8210824742268044
chr1	853878	853879	13	0.4628302925989672	0.45385542168674703	0.9166857142857142
chr1	890303	890304	13	0.4636843711843712	0.4231410256410256	0.8868253968253968
chr1	913703	913704	13	0.47970564184255937	0.36572016460905354	0.8454258064516129
chr1	910705	910706	13	0.458262605042017	0.621512605042017	0.16324999999999998
chr1	852046	852047	13	0.658374414850686	0.29401129943502824	0.9523857142857143
chr1	890319	890320	13	0.49449511788521083	0.3010931174089069	0.7955882352941177
chr1	890380	890381	13	0.5316391804097951	0.31985507246376815	0.8514942528735632
chr1	618424	618425	13	0.5394883720930232	0.414	0.9534883720930233
chr1	890354	890355	13	0.5554643466515001	0.32959334565619225	0.8850576923076924
chr1	833000	833001	13	0.5478571428571429	0.42714285714285716	0.9750000000000001
chr1	859655	859656	13	0.8376709956709957	0.07123809523809524	0.9089090909090909
chr1	852042	852043	13	0.5886363636363636	0.36590909090909096	0.9545454545454546
chr1	629090	629091	13	0.776752744527851	0.06787933094384707	0.844632075471698
chr1	852040	852041	13	0.6673257184966837	0.2891525423728814	0.9564782608695651
chr1	833021	833022	13	0.8248947604120018	0.12441558441558441	0.9493103448275862
chr1	851991	851992	13	0.5773972602739725	0.2526027397260274	0.83
chr1	913676	913677	13	0.5147672915319974	0.33138655462184874	0.8461538461538461
chr1	832800	832801	13	0.9560222222222222	0.0	0.9560222222222222
chr1	771714	771715	13	0.8151980293779846	0.1563090128755365	0.9715070422535211
chr1	852125	852126	13	0.7459821428571429	0.12901785714285713	0.875
chr1	629120	629121	13	0.8644628328943518	0.05469402985074625	0.919156862745098
chr1	891862	891863	13	0.8785454545454545	0.0	0.8785454545454545
chr1	913660	913661	13	0.6217191283292978	0.23542372881355933	0.8571428571428571
chr1	629114	629115	13	0.8606345469477144	0.06090391459074733	0.9215384615384616
chr1	771736	771737	13	0.8410374677002586	0.13555555555555554	0.9765930232558141
chr1	771656	771657	13	0.7879487444100447	0.14128654970760235	0.929235294117647
chr1	899562	899563	13	0.5505785470025821	0.3233540372670808	0.8739325842696629
chr1	680063	680064	13	0.8931185185185185	0.0	0.8931185185185185
chr1	629135	629136	13	0.844729887686131	0.060032017075773755	0.9047619047619048
chr1	629123	629124	13	0.8635520458825543	0.06172573189522342	0.9252777777777778
chr1	904083	904084	14	0.22093646118241106	0.5318367346938775	0.7527731958762885
chr1	913872	913873	14	0.22457364341085273	0.6333333333333333	0.857906976744186
chr1	594906	594907	14	0.22490752688172044	0.6066666666666667	0.8315741935483871
chr1	909759	909760	14	0.23079807692307697	0.689375	0.9201730769230769
chr1	919786	919787	14	0.23484210526315785	0.537	0.7718421052631579
chr1	913903	913904	14	0.2353165104542177	0.4633684210526316	0.6986849315068493
chr1	919689	919690	14	0.23845814307458135	0.5869863013698631	0.8254444444444444
chr1	920023	920024	14	0.2510751879699248	0.6157142857142858	0.8667894736842106
chr1	905840	905841	14	0.2867649572649572	0.636388888888889	0.9231538461538462
chr1	914370	914371	14	0.24743391393442615	0.5754098360655738	0.82284375
chr1	904016	904017	14	0.2333333333333334	0.6	0.8333333333333334
chr1	913859	913860	14	0.31085725677830944	0.31931818181818183	0.6301754385964913
chr1	903974	903975	14	0.3244867724867728	0.6120370370370369	0.9365238095238098
chr1	903968	903969	14	0.30139285714285713	0.5873214285714285	0.8887142857142857
chr1	919576	919577	14	0.28948824984539273	0.46816326530612246	0.7576515151515152
chr1	135299	135300	14	0.25	0.75	1.0
chr1	914471	914472	15	0.6710751552795031	0.28568571428571427	0.9567608695652174
chr1	860825	860826	15	0.6948685483870969	0.208325	0.9031935483870969
chr1	870223	870224	15	0.6738618113912231	0.9682539682539683	0.2943921568627451
chr1	915998	915999	15	0.6726454545454547	0.09091818181818183	0.7635636363636364
chr1	898802	898803	15	0.6848222570532915	0.045436363636363636	0.7302586206896551
chr1	916419	916420	15	0.7116157205240172	0.0	0.7116157205240172
chr1	895115	895116	15	0.6992508771929825	0.23076666666666668	0.9300175438596492
chr1	860822	860823	15	0.6782919138561561	0.17390434782608696	0.852196261682243
chr1	914734	914735	15	0.7117684210526316	0.09526666666666667	0.8070350877192983
chr1	918469	918470	15	0.7819787234042553	0.0	0.7819787234042553
chr1	898184	898185	15	0.6971212121212123	0.0	0.6971212121212123
chr1	893668	893669	15	0.7537413665156859	0.15785263157894738	0.9115939980946333
chr1	464547	464548	15	0.7003999999999999	0.0	0.7003999999999999
chr1	914429	914430	15	0.7359166666666668	0.16666666666666666	0.9025833333333334
chr1	875644	875645	15	0.7510568922305765	0.10525263157894738	0.8563095238095239
chr1	897916	897917	15	0.7271903508771931	0.07895	0.806140350877193
chr1	918439	918440	15	0.7824568421052632	0.10526315789473684	0.8877200000000001
chr1	914187	914188	15	0.75	0.0	0.75
chr1	701366	701367	15	0.7810625	0.0	0.7810625
chr1	914307	914308	15	0.88	0.0	0.88
chr1	914526	914527	15	0.7932394366197183	0.0625	0.8557394366197183
chr1	904127	904128	15	0.8472235294117647	0.0	0.8472235294117647
chr1	893465	893466	15	0.8901612903225806	0.0	0.8901612903225806
chr1	127853	127854	15	0.8463021276595744	0.0	0.8463021276595744
chr1	599786	599787	15	0.7960016806722688	0.11764117647058824	0.9136428571428571
chr1	914197	914198	15	0.8823921568627452	0.0	0.8823921568627452
chr1	507273	507274	15	0.8815999999999999	0.0	0.8815999999999999
chr1	137954	137955	15	0.8009999999999999	0.0	0.8009999999999999
chr1	133432	133433	15	0.7777777777777778	0.0	0.7777777777777778
chr1	914159	914160	15	0.8261159420289855	0.0	0.8261159420289855
chr1	912998	912999	15	0.777821212121212	0.8181999999999999	0.040378787878787875
chr1	596585	596586	15	0.770092475171887	0.04545	0.8155424751718869
chr1	901137	901138	15	0.8330909090909091	0.09090909090909091	0.924
chr1	788472	788473	15	0.7851129943502826	0.16666666666666666	0.9517796610169492
chr1	905329	905330	15	0.9504197530864198	1.0	0.04958024691358025
chr1	909824	909825	15	0.7998000000000001	0.0	0.7998000000000001
chr1	909844	909845	15	0.87625	0.0	0.87625
chr1	905299	905300	15	0.8783365914786967	0.9473842105263157	0.06904761904761905
chr1	905467	905468	15	0.8501739906832297	0.8750125	0.024838509316770188
chr1	860781	860782	15	0.752898951048951	0.13633181818181817	0.8892307692307692
chr1	916363	916364	15	0.8771929824561403	0.0	0.8771929824561403
chr1	898147	898148	15	0.8119397590361447	0.08	0.8919397590361446
chr1	904380	904381	16	0.24412288786482336	0.386741935483871	0.14261904761904762
chr1	890067	890068	16	0.2858571428571429	0.5	0.7858571428571429
chr1	803196	803197	16	0.298913043478261	0.6669999999999999	0.9659130434782609
chr1	911256	911257	16	0.26813888888888865	0.7417499999999998	0.47361111111111115
chr1	920661	920662	16	0.30436566332218506	0.7653913043478261	0.46102564102564103
chr1	911306	911307	16	0.3962954761151533	0.7064678899082568	0.3101724137931035
chr1	911361	911362	16	0.28111766723842185	0.7357358490566037	0.45461818181818187
chr1	870157	870158	16	0.280788888888889	0.6557333333333334	0.3749444444444444
chr1	910770	910771	16	0.3375958751393533	0.5984871794871794	0.26089130434782615
chr1	913127	913128	16	0.32803749098774315	0.8016164383561644	0.4735789473684212
chr1	841218	841219	16	0.41872575599582906	0.5	0.9187257559958291
chr1	856372	856373	16	0.5761538461538462	1.0	0.4238461538461538
chr1	910697	910698	16	0.3488365384615385	0.47100000000000003	0.12216346153846155
chr1	838198	838199	16	0.372130501930502	0.5997999999999999	0.9719305019305019
chr1	692521	692522	17	0.4401525974025974	0.38	0.8201525974025974
chr1	191437	191438	17	0.442972972972973	0.24702702702702703	0.6900000000000001
chr1	819525	819526	17	0.4998431266846362	0.4145283018867924	0.9143714285714286
chr1	918415	918416	17	0.45894915254237284	0.36300000000000004	0.8219491525423729
chr1	902371	902372	17	0.46514705882352936	0.4123529411764706	0.8775
chr1	887000	887001	17	0.45936933797909396	0.46048780487804886	0.9198571428571428
chr1	901728	901729	17	0.5000561403508771	0.2142105263157895	0.7142666666666666
chr1	895451	895452	17	0.5852201086956521	0.30521739130434783	0.8904375
chr1	919385	919386	17	0.49547619047619046	0.315	0.8104761904761905
chr1	895615	895616	17	0.6616325536062378	0.16481481481481483	0.8264473684210527
chr1	918300	918301	17	0.5332478632478632	0.33	0.8632478632478633
chr1	873920	873921	17	0.5363068181818182	0.371875	0.9081818181818182
chr1	656943	656944	17	0.4917546123372949	0.22365591397849463	0.7154105263157895
chr1	895460	895461	17	0.6880778074866309	0.13545454545454547	0.8235323529411764
chr1	875690	875691	17	0.5846459117345193	0.2145945945945946	0.7992405063291139
chr1	886831	886832	17	0.8304285714285715	0.10857142857142857	0.9390000000000001
chr1	895786	895787	17	0.7181342170671087	0.0848235294117647	0.8029577464788734
chr1	886799	886800	17	0.7643197903014419	0.2022857142857143	0.9666055045871562
chr1	886886	886887	17	0.6666278671687778	0.2165217391304348	0.8831496062992126
chr1	895488	895489	17	0.6803000750187547	0.1874418604651163	0.8677419354838709
chr1	918495	918496	17	0.6048884615384615	0.22846153846153844	0.8333499999999999
chr1	886591	886592	17	0.7331168831168831	0.028787878787878786	0.7619047619047619
chr1	895646	895647	17	0.7096268656716418	0.1653731343283582	0.875
chr1	902668	902669	17	0.516804347826087	0.178695652173913	0.6955
chr1	886819	886820	17	0.6497357293868924	0.30363636363636365	0.9533720930232561
chr1	886828	886829	17	0.6977037037037037	0.26599999999999996	0.9637037037037037
chr1	895836	895837	17	0.629000733855186	0.21876712328767123	0.8477678571428572
chr1	901840	901841	17	0.4697850678733032	0.2665384615384615	0.7363235294117647
chr1	886766	886767	17	0.821849303849304	0.05675675675675676	0.8786060606060607
chr1	886264	886265	17	0.7856756756756756	0.0	0.7856756756756756
chr1	907840	907841	18	0.5115714285714286	0.42714285714285716	0.9387142857142857
chr1	917996	917997	18	0.5333619047619047	0.36666666666666664	0.9000285714285714
chr1	910774	910775	18	0.5156825037707391	0.1461764705882353	0.6618589743589743
chr1	919917	919918	18	0.5376896551724136	0.30931034482758624	0.8469999999999999
chr1	901661	901662	18	0.5557692307692308	0.3592307692307692	0.915
chr1	905908	905909	18	0.5361930894308942	0.29291666666666666	0.8291097560975609
chr1	916139	916140	18	0.5165804828973841	0.3567857142857143	0.8733661971830985
chr1	184183	184184	18	0.5638822317917993	0.36653061224489797	0.9304128440366973
chr1	915542	915543	18	0.5723833333333336	0.3720833333333333	0.9444666666666669
chr1	896524	896525	18	0.5545366132723113	0.26217391304347826	0.8167105263157896
chr1	917436	917437	18	0.5533238095238096	0.16547619047619047	0.7188
chr1	915547	915548	18	0.6292592592592594	0.1837037037037037	0.8129629629629631
chr1	906183	906184	18	0.5551182795698925	0.2673333333333333	0.8224516129032258
chr1	917748	917749	18	0.5754147465437789	0.3607142857142857	0.9361290322580645
chr1	915697	915698	18	0.6092743055555555	0.22444444444444447	0.83371875
chr1	803086	803087	18	0.5899963794439056	0.3498936170212766	0.9398899964651821
chr1	911538	911539	18	0.6174848484848485	0.3315151515151515	0.9490000000000001
chr1	915442	915443	18	0.676935064935065	0.2854285714285714	0.9623636363636364
chr1	920047	920048	18	0.605336231884058	0.3333333333333333	0.9386695652173913
chr1	921594	921595	18	0.5855760368663594	0.32571428571428573	0.9112903225806451
chr1	901647	901648	18	0.6028711502199875	0.2967567567567568	0.8996279069767442
chr1	711491	711492	18	0.6812932981927711	0.0	0.6812932981927711
chr1	916238	916239	18	0.688590909090909	0.20750000000000002	0.896090909090909
chr1	915403	915404	18	0.589452590420332	0.3315151515151515	0.9209677419354836
chr1	910918	910919	18	0.7230192307692309	0.14250000000000002	0.865519230769231
chr1	915489	915490	18	0.5824047993705743	0.16129032258064516	0.7436951219512195
chr1	915510	915511	18	0.5842461873638345	0.36851851851851847	0.952764705882353
chr1	918898	918899	18	0.5895263157894736	0.1996666666666667	0.7891929824561402
chr1	906095	906096	18	0.6546896551724137	0.19	0.8446896551724138
chr1	920064	920065	18	0.6845454545454546	0.22636363636363638	0.9109090909090909
chr1	920091	920092	18	0.6461812865497075	0.2222222222222222	0.8684035087719297
chr1	915594	915595	18	0.6125878787878788	0.24121212121212118	0.8538
chr1	915422	915423	18	0.7057756132756132	0.21212121212121215	0.9178968253968254
chr1	915525	915526	18	0.5979557428872497	0.30615384615384617	0.9041095890410958
chr1	135296	135297	18	1.0	0.0	1.0
