chr1	186917271	186917772	0.0	0.0
chr1	23291168	23291669	0.0	0.0
chr1	220001153	220001654	0.0	0.0
chr1	183873347	183873848	0.0	0.0
chr1	203898287	203898788	0.0	0.0
chr1	48159309	48159810	0.0	0.0
chr1	63634999	63635500	0.0	0.0
chr1	186917258	186917759	0.0	0.0
chr1	85582724	85583225	0.0	0.0
chr1	205598820	205599321	0.0	0.0
chr1	12501441	12501942	0.0	0.0
chr1	6604500	6605001	0.0	0.0
chr1	85582573	85583074	0.0	0.0
chr1	85582645	85583146	0.0	0.0
chr1	41045529	41046030	0.0	0.0
chr1	244447497	244447998	0.0	0.0
chr1	85338972	85339473	0.0	0.0
chr1	154644935	154645436	0.0	0.0
chr1	42373442	42373943	0.0	0.0
chr1	22494656	22495157	0.0	0.0
chr1	94473569	94474070	0.0	0.0
chr1	92543038	92543539	0.0	0.0
chr1	231562292	231562793	0.0	0.0
chr1	8388116	8388617	0.0	0.0
chr1	92563748	92564249	0.0	0.0
chr1	43856069	43856570	0.0	0.0
chr1	154161020	154161521	0.0	0.0
chr1	232639309	232639810	0.0	0.0
chr1	109072632	109073133	0.0	0.0
chr1	1764706	1765207	0.0	0.0
chr1	225415185	225415686	0.0	0.0
chr1	9854511	9855012	0.0	0.0
chr1	236535316	236535817	0.0	0.0
chr1	43856078	43856579	0.0	0.0
chr1	16301911	16302412	0.0	0.0
chr1	9854262	9854763	0.0	0.0
chr1	9853571	9854072	0.0	0.0
chr1	236536890	236537391	0.0	0.0
chr1	228178765	228179266	0.0	0.0
chr1	49283280	49283781	0.0	0.0
chr1	174166993	174167494	0.0	0.0
chr1	182791514	182792015	0.0	0.0
chr1	228178757	228179258	0.0	0.0
chr1	81427695	81428196	0.0	0.0
chr1	205157245	205157746	0.0	0.0
chr1	225881287	225881788	0.0	0.0
chr1	6666578	6667079	0.0	0.0
chr1	224160385	224160886	0.0	0.0
chr1	108341413	108341914	0.0	0.0
chr1	161705271	161705772	0.0	0.0
chr1	37819615	37820116	0.0	0.0
chr1	185603031	185603532	0.0	0.0
chr1	185602956	185603457	0.0	0.0
chr1	185602961	185603462	0.0	0.0
chr1	110384539	110385040	0.0	0.0
chr1	62809787	62810288	0.0	0.0
chr1	185602999	185603500	0.0	0.0
chr1	23912400	23912901	0.0	0.0
chr1	180420781	180421282	0.0	0.0
chr1	12449764	12450265	0.0	0.0
chr1	168410301	168410802	0.0	0.0
chr1	167517349	167517850	0.0	0.0
chr1	167517980	167518481	0.0	0.0
chr1	92315649	92316150	0.0	0.0
chr1	36310336	36310837	0.0	0.0
chr1	64865737	64866238	0.0	0.0
chr1	167516276	167516777	0.0	0.0
chr1	167471644	167472145	0.0	0.0
chr1	65049647	65050148	0.0	0.0
chr1	200862708	200863209	0.0	0.0
chr1	167489359	167489860	0.0	0.0
chr1	167448478	167448979	0.0	0.0
chr1	235417898	235418399	0.0	0.0
chr1	203489240	203489741	0.0	0.0
chr1	226164576	226165077	0.0	0.0
chr1	206724939	206725440	0.0	0.0
chr1	153514772	153515273	0.0	0.0
chr1	243933358	243933859	0.0	0.0
chr1	10151089	10151590	0.0	0.0
chr1	145922352	145922853	0.0	0.0
chr1	20952978	20953479	0.0	0.0
chr1	154610462	154610963	0.0	0.0
chr1	28469794	28470295	0.0	0.0
chr1	203814994	203815495	0.0	0.0
chr1	154610490	154610991	0.0	0.0
chr1	1725776	1726277	0.0	0.0
chr1	157931256	157931757	0.0	0.0
chr1	40463614	40464115	0.0	0.0
chr1	6179554	6180055	0.0	0.0
chr1	235274775	235275276	0.0	0.0
chr1	111189867	111190368	0.0	0.0
chr1	149562391	149562892	0.0	0.0
chr1	35805855	35806356	0.0	0.0
chr1	49978938	49979439	0.0	0.0
chr1	244904713	244905214	0.0	0.0
chr1	155608539	155609040	0.0	0.0
chr1	91949164	91949665	0.0	0.0
chr1	23241118	23241619	0.0	0.0
chr1	180804	181305	0.0	0.0
chr1	119820268	119820769	0.0	0.0
chr1	235797363	235797864	0.0	0.0
chr1	193395660	193396161	0.0	0.0
chr1	25562596	25563097	0.0	0.0
chr1	206802977	206803478	0.0	0.0
chr1	841606	842107	0.0	0.0
chr1	92316015	92316516	0.0	0.0
chr1	8152869	8153370	0.0	0.0
chr1	223230365	223230866	0.0	0.0
chr1	167516288	167516789	0.0	0.0
chr1	25562936	25563437	0.0	0.0
chr1	8152667	8153168	0.0	0.0
chr1	89610577	89611078	0.0	0.0
chr1	65049788	65050289	0.0	0.0
chr1	8152871	8153372	0.0	0.0
chr1	1638712	1639213	0.0	0.0
chr1	87724355	87724856	0.0	0.0
chr1	150450849	150451350	0.0	0.0
chr1	44917773	44918274	0.0	0.0
chr1	163349967	163350468	0.0	0.0
chr1	39012417	39012918	0.0	0.0
chr1	199495998	199496499	0.0	0.0
chr1	51493002	51493503	0.0	0.0
chr1	171401268	171401769	0.0	0.0
chr1	116027523	116028024	0.0	0.0
chr1	184571024	184571525	0.0	0.0
chr1	237015514	237016015	0.0	0.0
chr1	155136408	155136909	0.0	0.0
chr1	35280925	35281426	0.0	0.0
chr1	184571032	184571533	0.0	0.0
chr1	89010455	89010956	0.0	0.0
chr1	6567233	6567734	0.0	0.0
chr1	181017066	181017567	0.0	0.0
chr1	67699668	67700169	0.0	0.0
chr1	44008748	44009249	0.0	0.0
chr1	10572428	10572929	0.0	0.0
chr1	84558107	84558608	0.0	0.0
chr1	9980554	9981055	0.0	0.0
chr1	40737893	40738394	0.0	0.0
chr1	14387437	14387938	0.0	0.0
chr1	150934090	150934591	0.0	0.0
chr1	156187237	156187738	0.0	0.0
chr1	246544800	246545301	0.0	0.0
chr1	204379293	204379794	0.0	0.0
chr1	220665078	220665579	0.0	0.0
chr1	191845550	191846051	0.0	0.0
chr1	1132022	1132523	0.0	0.0
chr1	54862652	54863153	0.0	0.0
chr1	2054836	2055337	0.0	0.0
chr1	76112469	76112970	0.0	0.0
chr1	12305881	12306382	0.0	0.0
chr1	70599700	70600201	0.0	0.0
chr1	23852423	23852924	0.0	0.0
chr1	67550357	67550858	0.0	0.0
chr1	52990414	52990915	0.0	0.0
chr1	203929166	203929667	0.0	0.0
chr1	216485555	216486056	0.0	0.0
chr1	71039355	71039856	0.0	0.0
chr1	6759117	6759618	0.0	0.0
chr1	54821893	54822394	0.0	0.0
chr1	241218462	241218963	0.0	0.0
chr1	81615395	81615896	0.0	0.0
chr1	10638637	10639138	0.0	0.0
chr1	108167395	108167896	0.0	0.0
chr1	10680001	10680502	0.0	0.0
chr1	81640149	81640650	0.0	0.0
chr1	169261141	169261642	0.0	0.0
chr1	40783883	40784384	0.0	0.0
chr1	1133201	1133702	0.0	0.0
chr1	32886038	32886539	0.0	0.0
chr1	120848156	120848657	0.0	0.0
chr1	53738886	53739387	0.0	0.0
chr1	32741639	32742140	0.0	0.0
chr1	56644928	56645429	0.0	0.0
chr1	56644914	56645415	0.0	0.0
chr15	92708070	92708571	0.0	0.0
chr15	39724024	39724525	0.0	0.0
chr15	52415973	52416474	0.0	0.0
chr15	40982721	40983222	0.0	0.0
chr15	40982705	40983206	0.0	0.0
chr15	81003858	81004359	0.0	0.0
chr15	26559825	26560326	0.0	0.0
chr15	52415875	52416376	0.0	0.0
chr15	52415690	52416191	0.0	0.0
chr15	69439861	69440362	0.0	0.0
chr15	68140435	68140936	0.0	0.0
chr15	59058611	59059112	0.0	0.0
chr15	85288009	85288510	0.0	0.0
chr15	43789395	43789896	0.0	0.0
chr15	59411444	59411945	0.0	0.0
chr15	90595234	90595735	0.0	0.0
chr15	90595266	90595767	0.0	0.0
chr15	64564659	64565160	0.0	0.0
chr15	50444374	50444875	0.0	0.0
chr15	50444541	50445042	0.0	0.0
chr15	90595462	90595963	0.0	0.0
chr15	50444560	50445061	0.0	0.0
chr15	63989947	63990448	0.0	0.0
chr15	90826783	90827284	0.0	0.0
chr15	84768752	84769253	0.0	0.0
chr15	100553444	100553945	0.0	0.0
chr15	49973861	49974362	0.0	0.0
chr15	62888380	62888881	0.0	0.0
chr15	68140571	68141072	0.0	0.0
chr15	76755987	76756488	0.0	0.0
chr15	29417137	29417638	0.0	0.0
chr15	72702806	72703307	0.0	0.0
chr15	31484471	31484972	0.0	0.0
chr15	31484456	31484957	0.0	0.0
chr15	65239684	65240185	0.0	0.0
chr15	99706587	99707088	0.0	0.0
chr15	74785077	74785578	0.0	0.0
chr15	41377340	41377841	0.0	0.0
chr15	38081972	38082473	0.0	0.0
chr15	50408530	50409031	0.0	0.0
chr15	22883393	22883894	0.0	0.0
chr15	76603020	76603521	0.0	0.0
chr15	90220155	90220656	0.0	0.0
chr15	93378110	93378611	0.0	0.0
chr15	33425539	33426040	0.0	0.0
chr15	47251856	47252357	0.0	0.0
chr15	75357431	75357932	0.0	0.0
chr15	61923805	61924306	0.0	0.0
chr15	76593919	76594420	0.0	0.0
chr15	48329410	48329911	0.0	0.0
chr15	64790252	64790753	0.0	0.0
chr15	90303092	90303593	0.0	0.0
chr15	93675286	93675787	0.0	0.0
chr15	69832838	69833339	0.0	0.0
chr15	36936036	36936537	0.0	0.0
chr15	76593314	76593815	0.0	0.0
chr15	23476874	23477375	0.0	0.0
chr15	99147037	99147538	0.0	0.0
chr15	34178483	34178984	0.0	0.0
chr15	76593910	76594411	0.0	0.0
chr15	52296871	52297372	0.0	0.0
chr15	98432850	98433351	0.0	0.0
chr15	84817104	84817605	0.0	0.0
chr15	52528713	52529214	0.0	0.0
chr15	80059723	80060224	0.0	0.0
chr14	55296905	55297406	0.0	0.0
chr14	91473028	91473529	0.0	0.0
chr14	90616216	90616717	0.0	0.0
chr14	90616221	90616722	0.0	0.0
chr14	105429884	105430385	0.0	0.0
chr14	90617268	90617769	0.0	0.0
chr14	105429904	105430405	0.0	0.0
chr14	102853565	102854066	0.0	0.0
chr14	87993779	87994280	0.0	0.0
chr14	89858651	89859152	0.0	0.0
chr14	77298824	77299325	0.0	0.0
chr14	69240557	69241058	0.0	0.0
chr14	75397922	75398423	0.0	0.0
chr14	68789668	68790169	0.0	0.0
chr14	68789647	68790148	0.0	0.0
chr14	77825887	77826388	0.0	0.0
chr14	39574166	39574667	0.0	0.0
chr14	68789872	68790373	0.0	0.0
chr14	68789958	68790459	0.0	0.0
chr14	55370843	55371344	0.0	0.0
chr14	97741259	97741760	0.0	0.0
chr14	68789881	68790382	0.0	0.0
chr14	74710604	74711105	0.0	0.0
chr14	65284174	65284675	0.0	0.0
chr14	61504006	61504507	0.0	0.0
chr14	39061028	39061529	0.0	0.0
chr14	49596589	49597090	0.0	0.0
chr14	104661672	104662173	0.0	0.0
chr14	104661686	104662187	0.0	0.0
chr14	102219829	102220330	0.0	0.0
chr14	68726035	68726536	0.0	0.0
chr14	73387910	73388411	0.0	0.0
chr14	64632748	64633249	0.0	0.0
chr14	61452640	61453141	0.0	0.0
chr14	35333828	35334329	0.0	0.0
chr14	89283402	89283903	0.0	0.0
chr14	50043542	50044043	0.0	0.0
chr14	91228585	91229086	0.0	0.0
chr14	92569047	92569548	0.0	0.0
chr14	90738555	90739056	0.0	0.0
chr14	34833380	34833881	0.0	0.0
chr14	61737951	61738452	0.0	0.0
chr14	102210541	102211042	0.0	0.0
chr14	102210543	102211044	0.0	0.0
chr14	34873496	34873997	0.0	0.0
chr14	73670554	73671055	0.0	0.0
chr14	77084308	77084809	0.0	0.0
chr14	27430813	27431314	0.0	0.0
chr14	77781222	77781723	0.0	0.0
chr14	50073679	50074180	0.0	0.0
chr14	61334075	61334576	0.0	0.0
chr14	61452645	61453146	0.0	0.0
chr14	91408347	91408848	0.0	0.0
chr14	86240540	86241041	0.0	0.0
chr14	56610784	56611285	0.0	0.0
chr14	58451589	58452090	0.0	0.0
chr14	31070669	31071170	0.0	0.0
chr14	23030098	23030599	0.0	0.0
chr14	89969835	89970336	0.0	0.0
chr14	89111589	89112090	0.0	0.0
chr14	101776698	101777199	0.0	0.0
chr14	64748982	64749483	0.0	0.0
chr14	101776690	101777191	0.0	0.0
chr14	81462704	81463205	0.0	0.0
chr14	36735841	36736342	0.0	0.0
chr14	100699563	100700064	0.0	0.0
chr14	37622198	37622699	0.0	0.0
chr14	103102287	103102788	0.0	0.0
chr14	37622133	37622634	0.0	0.0
chr14	90554303	90554804	0.0	0.0
chr14	28750629	28751130	0.0	0.0
chr14	100145209	100145710	0.0	0.0
chr14	100145202	100145703	0.0	0.0
chr14	55580143	55580644	0.0	0.0
chr14	103522003	103522504	0.0	0.0
chr14	90398085	90398586	0.0	0.0
chr2	56011496	56011997	0.0	0.0
chr2	121409123	121409624	0.0	0.0
chr2	10161728	10162229	0.0	0.0
chr2	234997324	234997825	0.0	0.0
chr2	111149878	111150379	0.0	0.0
chr2	202408819	202409320	0.0	0.0
chr2	46086716	46087217	0.0	0.0
chr2	25318018	25318519	0.0	0.0
chr2	55862978	55863479	0.0	0.0
chr2	171711787	171712288	0.0	0.0
chr2	32755664	32756165	0.0	0.0
chr2	152726065	152726566	0.0	0.0
chr2	11800446	11800947	0.0	0.0
chr2	47456840	47457341	0.0	0.0
chr2	74162907	74163408	0.0	0.0
chr2	171984186	171984687	0.0	0.0
chr2	74162818	74163319	0.0	0.0
chr2	149568368	149568869	0.0	0.0
chr2	99355975	99356476	0.0	0.0
chr2	206055927	206056428	0.0	0.0
chr2	54590708	54591209	0.0	0.0
chr2	32761920	32762421	0.0	0.0
chr2	227334845	227335346	0.0	0.0
chr2	97812682	97813183	0.0	0.0
chr2	25765303	25765804	0.0	0.0
chr2	47456865	47457366	0.0	0.0
chr2	170206555	170207056	0.0	0.0
chr2	28594022	28594523	0.0	0.0
chr2	195577994	195578495	0.0	0.0
chr2	62177504	62178005	0.0	0.0
chr2	62177583	62178084	0.0	0.0
chr2	113496315	113496816	0.0	0.0
chr2	47815731	47816232	0.0	0.0
chr2	15539867	15540368	0.0	0.0
chr2	61464445	61464946	0.0	0.0
chr2	62598362	62598863	0.0	0.0
chr2	16688009	16688510	0.0	0.0
chr2	171336340	171336841	0.0	0.0
chr2	197131161	197131662	0.0	0.0
chr2	191194234	191194735	0.0	0.0
chr2	151862845	151863346	0.0	0.0
chr2	64091708	64092209	0.0	0.0
chr2	171336307	171336808	0.0	0.0
chr2	64091700	64092201	0.0	0.0
chr2	233392591	233393092	0.0	0.0
chr2	227911	228412	0.0	0.0
chr2	97713650	97714151	0.0	0.0
chr2	238185484	238185985	0.0	0.0
chr2	119928549	119929050	0.0	0.0
chr2	244530	245031	0.0	0.0
chr2	97742100	97742601	0.0	0.0
chr2	241762520	241763021	0.0	0.0
chr2	24739610	24740111	0.0	0.0
chr2	15178916	15179417	0.0	0.0
chr2	74016997	74017498	0.0	0.0
chr2	8280080	8280581	0.0	0.0
chr2	119928553	119929054	0.0	0.0
chr2	233380452	233380953	0.0	0.0
chr2	42250764	42251265	0.0	0.0
chr2	69977265	69977766	0.0	0.0
chr2	178534209	178534710	0.0	0.0
chr2	8467061	8467562	0.0	0.0
chr2	143807609	143808110	0.0	0.0
chr2	206098721	206099222	0.0	0.0
chr2	44163310	44163811	0.0	0.0
chr2	178534035	178534536	0.0	0.0
chr2	99476236	99476737	0.0	0.0
chr2	11196220	11196721	0.0	0.0
chr2	160420823	160421324	0.0	0.0
chr2	230644423	230644924	0.0	0.0
chr2	171956070	171956571	0.0	0.0
chr2	43310856	43311357	0.0	0.0
chr2	216794314	216794815	0.0	0.0
chr2	86914700	86915201	0.0	0.0
chr2	180021622	180022123	0.0	0.0
chr2	55589770	55590271	0.0	0.0
chr2	148304682	148305183	0.0	0.0
chr2	6238351	6238852	0.0	0.0
chr2	19901190	19901691	0.0	0.0
chr2	148386249	148386750	0.0	0.0
chr2	86914697	86915198	0.0	0.0
chr2	235487907	235488408	0.0	0.0
chr2	211226994	211227495	0.0	0.0
chr2	86914691	86915192	0.0	0.0
chr2	86914694	86915195	0.0	0.0
chr2	209660543	209661044	0.0	0.0
chr2	113439719	113440220	0.0	0.0
chr2	61079409	61079910	0.0	0.0
chr2	86914688	86915189	0.0	0.0
chr2	60569827	60570328	0.0	0.0
chr2	85510224	85510725	0.0	0.0
chr2	6238360	6238861	0.0	0.0
chr2	214835850	214836351	0.0	0.0
chr2	36597296	36597797	0.0	0.0
chr2	210703871	210704372	0.0	0.0
chr2	111117962	111118463	0.0	0.0
chr2	32278919	32279420	0.0	0.0
chr2	55286466	55286967	0.0	0.0
chr2	158606168	158606669	0.0	0.0
chr2	188287484	188287985	0.0	0.0
chr2	83517951	83518452	0.0	0.0
chr2	83517958	83518459	0.0	0.0
chr2	86913441	86913942	0.0	0.0
chr2	148304808	148305309	0.0	0.0
chr2	193421513	193422014	0.0	0.0
chr2	83517949	83518450	0.0	0.0
chr2	70431074	70431575	0.0	0.0
chr2	86914824	86915325	0.0	0.0
chr2	100538895	100539396	0.0	0.0
chr2	131840378	131840879	0.0	0.0
chr2	139410125	139410626	0.0	0.0
chr2	83517928	83518429	0.0	0.0
chr2	97710314	97710815	0.0	0.0
chr2	146089925	146090426	0.0	0.0
chr2	139410122	139410623	0.0	0.0
chr2	210703846	210704347	0.0	0.0
chr2	30235195	30235696	0.0	0.0
chr2	97713583	97714084	0.0	0.0
chr2	135658060	135658561	0.0	0.0
chr2	96143731	96144232	0.0	0.0
chr2	96143690	96144191	0.0	0.0
chr2	86552871	86553372	0.0	0.0
chr2	113198748	113199249	0.0	0.0
chr2	113198583	113199084	0.0	0.0
chr2	98448191	98448692	0.0	0.0
chr2	97714069	97714570	0.0	0.0
chr2	196163107	196163608	0.0	0.0
chr2	113198806	113199307	0.0	0.0
chr2	196165748	196166249	0.0	0.0
chr2	97714621	97715122	0.0	0.0
chr2	28395038	28395539	0.0	0.0
chr2	97713570	97714071	0.0	0.0
chr2	29254713	29255214	0.0	0.0
chr2	75929349	75929850	0.0	0.0
chr2	38770964	38771465	0.0	0.0
chr2	174789608	174790109	0.0	0.0
chr2	220874885	220875386	0.0	0.0
chr2	227196267	227196768	0.0	0.0
chr2	241209344	241209845	0.0	0.0
chr2	151884378	151884879	0.0	0.0
chr2	154227325	154227826	0.0	0.0
chr2	148154569	148155070	0.0	0.0
chr2	3569036	3569537	0.0	0.0
chr2	230162637	230163138	0.0	0.0
chr2	169718652	169719153	0.0	0.0
chr2	83368084	83368585	0.0	0.0
chr2	232899896	232900397	0.0	0.0
chr2	203385081	203385582	0.0	0.0
chr2	3569426	3569927	0.0	0.0
chr2	177055110	177055611	0.0	0.0
chr2	78973845	78974346	0.0	0.0
chr2	159102131	159102632	0.0	0.0
chr2	117976747	117977248	0.0	0.0
chr2	107458147	107458648	0.0	0.0
chr2	75900438	75900939	0.0	0.0
chr2	21349759	21350260	0.0	0.0
chr2	238163782	238164283	0.0	0.0
chr2	144516773	144517274	0.0	0.0
chr2	183038086	183038587	0.0	0.0
chr2	238163810	238164311	0.0	0.0
chr2	183038089	183038590	0.0	0.0
chr2	73985188	73985689	0.0	0.0
chr2	238163760	238164261	0.0	0.0
chr2	173964133	173964634	0.0	0.0
chr2	68252456	68252957	0.0	0.0
chr2	171774231	171774732	0.0	0.0
chr2	190648492	190648993	0.0	0.0
chr2	37324383	37324884	0.0	0.0
chr2	237627484	237627985	0.0	0.0
chr2	223769714	223770215	0.0	0.0
chr2	74034905	74035406	0.0	0.0
chr2	47308417	47308918	0.0	0.0
chr2	114276787	114277288	0.0	0.0
chr2	23724652	23725153	0.0	0.0
chr2	51592881	51593382	0.0	0.0
chr2	25046284	25046785	0.0	0.0
chr2	226361277	226361778	0.0	0.0
chr2	144326284	144326785	0.0	0.0
chr2	46577241	46577742	0.0	0.0
chr2	42665853	42666354	0.0	0.0
chr2	180418642	180419143	0.0	0.0
chr2	169763602	169764103	0.0	0.0
chr2	152738892	152739393	0.0	0.0
chr2	231261731	231262232	0.0	0.0
chr2	38782500	38783001	0.0	0.0
chr2	72139039	72139540	0.0	0.0
chr2	54574240	54574741	0.0	0.0
chr2	173912722	173913223	0.0	0.0
chr2	120277785	120278286	0.0	0.0
chr2	232486277	232486778	0.0	0.0
chr2	240464323	240464824	0.0	0.0
chr2	218871194	218871695	0.0	0.0
chr2	10382737	10383238	0.0	0.0
chr2	218871259	218871760	0.0	0.0
chr2	218871270	218871771	0.0	0.0
chr2	240464311	240464812	0.0	0.0
chr2	176151640	176152141	0.0	0.0
chr2	144516818	144517319	0.0	0.0
chr2	106886422	106886923	0.0	0.0
chr2	88170180	88170681	0.0	0.0
chr2	207530242	207530743	0.0	0.0
chr2	25341940	25342441	0.0	0.0
chr2	238158707	238159208	0.0	0.0
chr16	2170499	2171000	0.0	0.0
chr16	2170496	2170997	0.0	0.0
chr16	47695767	47696268	0.0	0.0
chr16	1548561	1549062	0.0	0.0
chr16	2170565	2171066	0.0	0.0
chr16	69225162	69225663	0.0	0.0
chr16	81517974	81518475	0.0	0.0
chr16	58735036	58735537	0.0	0.0
chr16	2170556	2171057	0.0	0.0
chr16	71282684	71283185	0.0	0.0
chr16	2169988	2170489	0.0	0.0
chr16	2170506	2171007	0.0	0.0
chr16	12409670	12410171	0.0	0.0
chr16	30710069	30710570	0.0	0.0
chr16	85543985	85544486	0.0	0.0
chr16	69877315	69877816	0.0	0.0
chr16	22216944	22217445	0.0	0.0
chr16	85543990	85544491	0.0	0.0
chr16	66574915	66575416	0.0	0.0
chr16	88491549	88492050	0.0	0.0
chr16	88799565	88800066	0.0	0.0
chr16	119872	120373	0.0	0.0
chr16	12682434	12682935	0.0	0.0
chr16	70415342	70415843	0.0	0.0
chr16	68772045	68772546	0.0	0.0
chr16	50338716	50339217	0.0	0.0
chr16	79869650	79870151	0.0	0.0
chr16	12033815	12034316	0.0	0.0
chr16	2896998	2897499	0.0	0.0
chr16	87701525	87702026	0.0	0.0
chr16	17163741	17164242	0.0	0.0
chr16	28931762	28932263	0.0	0.0
chr16	8891377	8891878	0.0	0.0
chr16	69455225	69455726	0.0	0.0
chr16	307869	308370	0.0	0.0
chr16	30186830	30187331	0.0	0.0
chr16	27463540	27464041	0.0	0.0
chr16	27463596	27464097	0.0	0.0
chr16	9116449	9116950	0.0	0.0
chr16	18842151	18842652	0.0	0.0
chr16	88840572	88841073	0.0	0.0
chr16	88840378	88840879	0.0	0.0
chr16	9116445	9116946	0.0	0.0
chr16	4636076	4636577	0.0	0.0
chr16	31020715	31021216	0.0	0.0
chr16	2911841	2912342	0.0	0.0
chr16	88059012	88059513	0.0	0.0
chr16	28320492	28320993	0.0	0.0
chr16	28320425	28320926	0.0	0.0
chr16	52151389	52151890	0.0	0.0
chr16	28320444	28320945	0.0	0.0
chr16	28320412	28320913	0.0	0.0
chr16	28320435	28320936	0.0	0.0
chr16	66789059	66789560	0.0	0.0
chr16	28319950	28320451	0.0	0.0
chr16	28320456	28320957	0.0	0.0
chr16	355131	355632	0.0	0.0
chr16	84518608	84519109	0.0	0.0
chr16	67652939	67653440	0.0	0.0
chr16	89737201	89737702	0.0	0.0
chr16	27464183	27464684	0.0	0.0
chr16	81521159	81521660	0.0	0.0
chr16	28986322	28986823	0.0	0.0
chr16	28986508	28987009	0.0	0.0
chr16	2091059	2091560	0.0	0.0
chr16	28986301	28986802	0.0	0.0
chr16	27463741	27464242	0.0	0.0
chr16	67652932	67653433	0.0	0.0
chr16	24023307	24023808	0.0	0.0
chr16	4560850	4561351	0.0	0.0
chr16	78433748	78434249	0.0	0.0
chr16	28215982	28216483	0.0	0.0
chr16	75335374	75335875	0.0	0.0
chr16	80926651	80927152	0.0	0.0
chr16	32009596	32010097	0.0	0.0
chr16	72843075	72843576	0.0	0.0
chr16	88634762	88635263	0.0	0.0
chr16	88634720	88635221	0.0	0.0
chr16	88634740	88635241	0.0	0.0
chr16	18340109	18340610	0.0	0.0
chr16	6574465	6574966	0.0	0.0
chr16	4796420	4796921	0.0	0.0
chr16	1353952	1354453	0.0	0.0
chr16	28591836	28592337	0.0	0.0
chr16	81095976	81096477	0.0	0.0
chr16	81095978	81096479	0.0	0.0
chr16	81095999	81096500	0.0	0.0
chr16	14159485	14159986	0.0	0.0
chr16	72843116	72843617	0.0	0.0
chr16	88534395	88534896	0.0	0.0
chr16	30114291	30114792	0.0	0.0
chr16	88534377	88534878	0.0	0.0
chr16	88534353	88534854	0.0	0.0
chr16	90047506	90048007	0.0	0.0
chr16	12421681	12422182	0.0	0.0
chr16	88534355	88534856	0.0	0.0
chr16	88534365	88534866	0.0	0.0
chr16	1046556	1047057	0.0	0.0
chr16	2196677	2197178	0.0	0.0
chr16	72506	73007	0.0	0.0
chr16	88452996	88453497	0.0	0.0
chr16	69385515	69386016	0.0	0.0
chr10	69012743	69013244	0.0	0.0
chr10	11813943	11814444	0.0	0.0
chr10	92832474	92832975	0.0	0.0
chr10	58240454	58240955	0.0	0.0
chr10	72595057	72595558	0.0	0.0
chr10	92832119	92832620	0.0	0.0
chr10	92832175	92832676	0.0	0.0
chr10	92834050	92834551	0.0	0.0
chr10	14844543	14845044	0.0	0.0
chr10	94602883	94603384	0.0	0.0
chr10	98180035	98180536	0.0	0.0
chr10	69006430	69006931	0.0	0.0
chr10	97354184	97354685	0.0	0.0
chr10	74989985	74990486	0.0	0.0
chr10	74184806	74185307	0.0	0.0
chr10	118728120	118728621	0.0	0.0
chr10	59726564	59727065	0.0	0.0
chr10	122931112	122931613	0.0	0.0
chr10	96829390	96829891	0.0	0.0
chr10	11588822	11589323	0.0	0.0
chr10	124692946	124693447	0.0	0.0
chr10	124692942	124693443	0.0	0.0
chr10	124692948	124693449	0.0	0.0
chr10	124692958	124693459	0.0	0.0
chr10	63260401	63260902	0.0	0.0
chr10	59884685	59885186	0.0	0.0
chr10	300002	300503	0.0	0.0
chr10	61999899	62000400	0.0	0.0
chr10	62000108	62000609	0.0	0.0
chr10	12264554	12265055	0.0	0.0
chr10	70490780	70491281	0.0	0.0
chr10	63260399	63260900	0.0	0.0
chr10	62000144	62000645	0.0	0.0
chr10	63260407	63260908	0.0	0.0
chr10	74677846	74678347	0.0	0.0
chr10	30959209	30959710	0.0	0.0
chr10	75175992	75176493	0.0	0.0
chr10	75175889	75176390	0.0	0.0
chr10	124678796	124679297	0.0	0.0
chr10	75175961	75176462	0.0	0.0
chr10	73758790	73759291	0.0	0.0
chr10	124691593	124692094	0.0	0.0
chr10	124691583	124692084	0.0	0.0
chr10	70602834	70603335	0.0	0.0
chr10	16787436	16787937	0.0	0.0
chr10	72083667	72084168	0.0	0.0
chr10	124691585	124692086	0.0	0.0
chr10	72083662	72084163	0.0	0.0
chr10	14570330	14570831	0.0	0.0
chr10	21851271	21851772	0.0	0.0
chr10	73758765	73759266	0.0	0.0
chr10	43432425	43432926	0.0	0.0
chr10	84155392	84155893	0.0	0.0
chr10	113847694	113848195	0.0	0.0
chr10	118728123	118728624	0.0	0.0
chr10	32355091	32355592	0.0	0.0
chr10	73992640	73993141	0.0	0.0
chr10	74101461	74101962	0.0	0.0
chr10	45788671	45789172	0.0	0.0
chr10	55630441	55630942	0.0	0.0
chr10	91249217	91249718	0.0	0.0
chr10	79715383	79715884	0.0	0.0
chr10	79732503	79733004	0.0	0.0
chr10	48011243	48011744	0.0	0.0
chr10	300460	300961	0.0	0.0
chr10	30784287	30784788	0.0	0.0
chr10	14515622	14516123	0.0	0.0
chr10	1373707	1374208	0.0	0.0
chr10	133079196	133079697	0.0	0.0
chr10	124678901	124679402	0.0	0.0
chr10	22611623	22612124	0.0	0.0
chr10	124678891	124679392	0.0	0.0
chr10	117024126	117024627	0.0	0.0
chr10	126912406	126912907	0.0	0.0
chr10	12114833	12115334	0.0	0.0
chr10	1126109	1126610	0.0	0.0
chr10	114339064	114339565	0.0	0.0
chr10	68873032	68873533	0.0	0.0
chr10	16508018	16508519	0.0	0.0
chr10	132822291	132822792	0.0	0.0
chr10	31654831	31655332	0.0	0.0
chr10	70240158	70240659	0.0	0.0
chr10	36122930	36123431	0.0	0.0
chr10	73543272	73543773	0.0	0.0
chr10	12158819	12159320	0.0	0.0
chr10	114339056	114339557	0.0	0.0
chr10	114339052	114339553	0.0	0.0
chr10	103127855	103128356	0.0	0.0
chr10	119186398	119186899	0.0	0.0
chr10	51670292	51670793	0.0	0.0
chr10	98026847	98027348	0.0	0.0
chr10	68382335	68382836	0.0	0.0
chr10	1126071	1126572	0.0	0.0
chr10	102361866	102362367	0.0	0.0
chr10	92227425	92227926	0.0	0.0
chr10	36396037	36396538	0.0	0.0
chr10	87222822	87223323	0.0	0.0
chr10	13130152	13130653	0.0	0.0
chr10	94542591	94543092	0.0	0.0
chr10	118895275	118895776	0.0	0.0
chr10	126853103	126853604	0.0	0.0
chr10	338661	339162	0.0	0.0
chr10	38422439	38422940	0.0	0.0
chr10	118895336	118895837	0.0	0.0
chr10	79243001	79243502	0.0	0.0
chr10	35304354	35304855	0.0	0.0
chr10	13286958	13287459	0.0	0.0
chr10	124537910	124538411	0.0	0.0
chr10	126064453	126064954	0.0	0.0
chr10	49761766	49762267	0.0	0.0
chr10	132307751	132308252	0.0	0.0
chr10	13289190	13289691	0.0	0.0
chr10	86250417	86250918	0.0	0.0
chr10	6307074	6307575	0.0	0.0
chr10	22320516	22321017	0.0	0.0
chr10	132364359	132364860	0.0	0.0
chr10	70238926	70239427	0.0	0.0
chr11	62548560	62549061	0.0	0.0
chr11	73198872	73199373	0.0	0.0
chr11	14323193	14323694	0.0	0.0
chr11	71936389	71936890	0.0	0.0
chr11	125673904	125674405	0.0	0.0
chr11	43757581	43758082	0.0	0.0
chr11	45954761	45955262	0.0	0.0
chr11	87190887	87191388	0.0	0.0
chr11	60848402	60848903	0.0	0.0
chr11	130308000	130308501	0.0	0.0
chr11	71995523	71996024	0.0	0.0
chr11	103971885	103972386	0.0	0.0
chr11	35284795	35285296	0.0	0.0
chr11	68375703	68376204	0.0	0.0
chr11	93717951	93718452	0.0	0.0
chr11	94686147	94686648	0.0	0.0
chr11	71993682	71994183	0.0	0.0
chr11	19979328	19979829	0.0	0.0
chr11	59211688	59212189	0.0	0.0
chr11	83062524	83063025	0.0	0.0
chr11	48106580	48107081	0.0	0.0
chr11	63572677	63573178	0.0	0.0
chr11	67286192	67286693	0.0	0.0
chr11	33131591	33132092	0.0	0.0
chr11	86340129	86340630	0.0	0.0
chr11	67285270	67285771	0.0	0.0
chr11	13575575	13576076	0.0	0.0
chr11	86333643	86334144	0.0	0.0
chr11	86206656	86207157	0.0	0.0
chr11	6172772	6173273	0.0	0.0
chr11	103458854	103459355	0.0	0.0
chr11	110659546	110660047	0.0	0.0
chr11	17079088	17079589	0.0	0.0
chr11	39034193	39034694	0.0	0.0
chr11	78369802	78370303	0.0	0.0
chr11	615376	615877	0.0	0.0
chr11	87096156	87096657	0.0	0.0
chr11	735992	736493	0.0	0.0
chr11	735983	736484	0.0	0.0
chr11	86206664	86207165	0.0	0.0
chr11	86206696	86207197	0.0	0.0
chr11	64764472	64764973	0.0	0.0
chr11	35247458	35247959	0.0	0.0
chr11	72794981	72795482	0.0	0.0
chr11	7563846	7564347	0.0	0.0
chr11	125870846	125871347	0.0	0.0
chr11	47419464	47419965	0.0	0.0
chr11	38024326	38024827	0.0	0.0
chr11	103285202	103285703	0.0	0.0
chr11	39292427	39292928	0.0	0.0
chr11	33076674	33077175	0.0	0.0
chr11	21943115	21943616	0.0	0.0
chr11	830029	830530	0.0	0.0
chr11	830014	830515	0.0	0.0
chr11	91175493	91175994	0.0	0.0
chr11	830027	830528	0.0	0.0
chr11	65239051	65239552	0.0	0.0
chr11	66379022	66379523	0.0	0.0
chr11	133689324	133689825	0.0	0.0
chr11	3821940	3822441	0.0	0.0
chr11	9481868	9482369	0.0	0.0
chr11	78129163	78129664	0.0	0.0
chr11	64280335	64280836	0.0	0.0
chr11	68560676	68561177	0.0	0.0
chr11	81432697	81433198	0.0	0.0
chr11	77039792	77040293	0.0	0.0
chr11	10133234	10133735	0.0	0.0
chr11	113910277	113910778	0.0	0.0
chr11	77039808	77040309	0.0	0.0
chr11	77039840	77040341	0.0	0.0
chr11	77039827	77040328	0.0	0.0
chr11	1460444	1460945	0.0	0.0
chr11	116347051	116347552	0.0	0.0
chr11	82821378	82821879	0.0	0.0
chr11	82824670	82825171	0.0	0.0
chr11	68212750	68213251	0.0	0.0
chr11	61967900	61968401	0.0	0.0
chr11	65354749	65355250	0.0	0.0
chr11	75667754	75668255	0.0	0.0
chr11	78417322	78417823	0.0	0.0
chr11	113875413	113875914	0.0	0.0
chr11	61967881	61968382	0.0	0.0
chr11	849561	850062	0.0	0.0
chr20	10483479	10483980	0.0	0.0
chr20	58342088	58342589	0.0	0.0
chr20	2936933	2937434	0.0	0.0
chr20	35887815	35888316	0.0	0.0
chr20	49654092	49654593	0.0	0.0
chr20	35887806	35888307	0.0	0.0
chr20	57359405	57359906	0.0	0.0
chr20	33701541	33702042	0.0	0.0
chr20	1823883	1824384	0.0	0.0
chr20	38948042	38948543	0.0	0.0
chr20	19510639	19511140	0.0	0.0
chr20	48799760	48800261	0.0	0.0
chr20	46690484	46690985	0.0	0.0
chr20	23387053	23387554	0.0	0.0
chr20	53893745	53894246	0.0	0.0
chr20	53893835	53894336	0.0	0.0
chr20	63867080	63867581	0.0	0.0
chr20	49800081	49800582	0.0	0.0
chr20	3838014	3838515	0.0	0.0
chr20	49654393	49654894	0.0	0.0
chr20	19189429	19189930	0.0	0.0
chr20	45810516	45811017	0.0	0.0
chr20	2905398	2905899	0.0	0.0
chr20	10000634	10001135	0.0	0.0
chr20	53659463	53659964	0.0	0.0
chr20	2801905	2802406	0.0	0.0
chr20	37043443	37043944	0.0	0.0
chr20	41142141	41142642	0.0	0.0
chr20	63651750	63652251	0.0	0.0
chr20	32407288	32407789	0.0	0.0
chr20	47360451	47360952	0.0	0.0
chr20	37015240	37015741	0.0	0.0
chr20	37015242	37015743	0.0	0.0
chr20	6321300	6321801	0.0	0.0
chr20	25333235	25333736	0.0	0.0
chr20	53525608	53526109	0.0	0.0
chr20	34878716	34879217	0.0	0.0
chr20	52086375	52086876	0.0	0.0
chr20	58977626	58978127	0.0	0.0
chr20	50371238	50371739	0.0	0.0
chr20	62805042	62805543	0.0	0.0
chr20	43189719	43190220	0.0	0.0
chr20	15400947	15401448	0.0	0.0
chr20	3746082	3746583	0.0	0.0
chr20	52176448	52176949	0.0	0.0
chr20	3091714	3092215	0.0	0.0
chr20	15400977	15401478	0.0	0.0
chr20	45181239	45181740	0.0	0.0
chr20	13360754	13361255	0.0	0.0
chr20	32362160	32362661	0.0	0.0
chr20	12956875	12957376	0.0	0.0
chr20	43491399	43491900	0.0	0.0
chr20	48871856	48872357	0.0	0.0
chr20	61945483	61945984	0.0	0.0
chr20	63598971	63599472	0.0	0.0
chr20	64316306	64316807	0.0	0.0
chr20	1002108	1002609	0.0	0.0
chr20	46894712	46895213	0.0	0.0
chr20	35226678	35227179	0.0	0.0
chr20	41618456	41618957	0.0	0.0
chr20	2692645	2693146	0.0	0.0
chr13	51270970	51271471	0.0	0.0
chr13	114004940	114005441	0.0	0.0
chr13	74118181	74118682	0.0	0.0
chr13	20791410	20791911	0.0	0.0
chr13	99290458	99290959	0.0	0.0
chr13	41048535	41049036	0.0	0.0
chr13	99373589	99374090	0.0	0.0
chr13	28152979	28153480	0.0	0.0
chr13	113508180	113508681	0.0	0.0
chr13	51996585	51997086	0.0	0.0
chr13	46698830	46699331	0.0	0.0
chr13	52010829	52011330	0.0	0.0
chr13	110675675	110676176	0.0	0.0
chr13	27147864	27148365	0.0	0.0
chr13	110675619	110676120	0.0	0.0
chr13	110676384	110676885	0.0	0.0
chr13	23807992	23808493	0.0	0.0
chr13	99380706	99381207	0.0	0.0
chr13	112848716	112849217	0.0	0.0
chr13	114070639	114071140	0.0	0.0
chr13	51966598	51967099	0.0	0.0
chr13	114070664	114071165	0.0	0.0
chr13	114268518	114269019	0.0	0.0
chr13	113607646	113608147	0.0	0.0
chr13	24446239	24446740	0.0	0.0
chr13	41324163	41324664	0.0	0.0
chr13	77236376	77236877	0.0	0.0
chr13	59168677	59169178	0.0	0.0
chr13	52645357	52645858	0.0	0.0
chr13	40837126	40837627	0.0	0.0
chr13	48799018	48799519	0.0	0.0
chr13	58318607	58319108	0.0	0.0
chr13	107913483	107913984	0.0	0.0
chr13	111183235	111183736	0.0	0.0
chr13	99380795	99381296	0.0	0.0
chr13	24251260	24251761	0.0	0.0
chr13	112578104	112578605	0.0	0.0
chr13	60136667	60137168	0.0	0.0
chr13	105844162	105844663	0.0	0.0
chr13	112678463	112678964	0.0	0.0
chr13	113301650	113302151	0.0	0.0
chr13	77632981	77633482	0.0	0.0
chr13	52536145	52536646	0.0	0.0
chr13	37000050	37000551	0.0	0.0
chr13	57651887	57652388	0.0	0.0
chr13	37000048	37000549	0.0	0.0
chr13	37000072	37000573	0.0	0.0
chr13	37000042	37000543	0.0	0.0
chr13	60136683	60137184	0.0	0.0
chr13	49668149	49668650	0.0	0.0
chr13	27874594	27875095	0.0	0.0
chr13	79712797	79713298	0.0	0.0
chr13	79712813	79713314	0.0	0.0
chr13	66934690	66935191	0.0	0.0
chr13	113928875	113929376	0.0	0.0
chr13	99476783	99477284	0.0	0.0
chr13	18628443	18628944	0.0	0.0
chr13	18628396	18628897	0.0	0.0
chr13	114013720	114014221	0.0	0.0
chr13	23579088	23579589	0.0	0.0
chr12	4707000	4707501	0.0	0.0
chr12	42117795	42118296	0.0	0.0
chr12	26822144	26822645	0.0	0.0
chr12	6171571	6172072	0.0	0.0
chr12	42447579	42448080	0.0	0.0
chr12	49489463	49489964	0.0	0.0
chr12	11885875	11886376	0.0	0.0
chr12	124236455	124236956	0.0	0.0
chr12	64617552	64618053	0.0	0.0
chr12	90229289	90229790	0.0	0.0
chr12	123478848	123479349	0.0	0.0
chr12	634426	634927	0.0	0.0
chr12	10228645	10229146	0.0	0.0
chr12	57065325	57065826	0.0	0.0
chr12	65198298	65198799	0.0	0.0
chr12	113332056	113332557	0.0	0.0
chr12	131985417	131985918	0.0	0.0
chr12	19967428	19967929	0.0	0.0
chr12	115454881	115455382	0.0	0.0
chr12	110095650	110096151	0.0	0.0
chr12	1439494	1439995	0.0	0.0
chr12	39799201	39799702	0.0	0.0
chr12	101428335	101428836	0.0	0.0
chr12	92141887	92142388	0.0	0.0
chr12	68391738	68392239	0.0	0.0
chr12	106276234	106276735	0.0	0.0
chr12	131766286	131766787	0.0	0.0
chr12	112014873	112015374	0.0	0.0
chr12	120480787	120481288	0.0	0.0
chr12	96377733	96378234	0.0	0.0
chr12	26931790	26932291	0.0	0.0
chr12	10555253	10555754	0.0	0.0
chr12	75966759	75967260	0.0	0.0
chr12	64699891	64700392	0.0	0.0
chr12	1372948	1373449	0.0	0.0
chr12	27684630	27685131	0.0	0.0
chr12	56712777	56713278	0.0	0.0
chr12	132680981	132681482	0.0	0.0
chr12	98613845	98614346	0.0	0.0
chr12	55978169	55978670	0.0	0.0
chr12	48696470	48696971	0.0	0.0
chr12	123204027	123204528	0.0	0.0
chr12	123204038	123204539	0.0	0.0
chr12	56032147	56032648	0.0	0.0
chr12	56032149	56032650	0.0	0.0
chr12	66233221	66233722	0.0	0.0
chr12	128846291	128846792	0.0	0.0
chr12	71924535	71925036	0.0	0.0
chr12	40287698	40288199	0.0	0.0
chr12	106477579	106478080	0.0	0.0
chr12	24955771	24956272	0.0	0.0
chr12	72801825	72802326	0.0	0.0
chr12	71118072	71118573	0.0	0.0
chr12	19306167	19306668	0.0	0.0
chr12	69778934	69779435	0.0	0.0
chr12	59888001	59888502	0.0	0.0
chr12	6185287	6185788	0.0	0.0
chr12	7706034	7706535	0.0	0.0
chr12	106819463	106819964	0.0	0.0
chr12	10554090	10554591	0.0	0.0
chr12	96377721	96378222	0.0	0.0
chr12	10555143	10555644	0.0	0.0
chr12	123814386	123814887	0.0	0.0
chr12	53310286	53310787	0.0	0.0
chr12	43224553	43225054	0.0	0.0
chr12	19386483	19386984	0.0	0.0
chr12	19733253	19733754	0.0	0.0
chr12	129999094	129999595	0.0	0.0
chr12	49118591	49119092	0.0	0.0
chr12	106241303	106241804	0.0	0.0
chr12	122738865	122739366	0.0	0.0
chr12	8225613	8226114	0.0	0.0
chr12	105066951	105067452	0.0	0.0
chr12	122774797	122775298	0.0	0.0
chr12	42226686	42227187	0.0	0.0
chr12	100585193	100585694	0.0	0.0
chr12	109076682	109077183	0.0	0.0
chr12	118246018	118246519	0.0	0.0
chr12	69116093	69116594	0.0	0.0
chr12	117983754	117984255	0.0	0.0
chr12	78718422	78718923	0.0	0.0
chr12	51330591	51331092	0.0	0.0
chr12	121436130	121436631	0.0	0.0
chr12	13366400	13366901	0.0	0.0
chr12	122237340	122237841	0.0	0.0
chr12	79690855	79691356	0.0	0.0
chr12	53012074	53012575	0.0	0.0
chr12	55904851	55905352	0.0	0.0
chr12	80249775	80250276	0.0	0.0
chr12	67769674	67770175	0.0	0.0
chr12	64246629	64247130	0.0	0.0
chr12	3994989	3995490	0.0	0.0
chr12	73505876	73506377	0.0	0.0
chr12	19354092	19354593	0.0	0.0
chr12	122237353	122237854	0.0	0.0
chr12	74553080	74553581	0.0	0.0
chr12	26474349	26474850	0.0	0.0
chr12	50091516	50092017	0.0	0.0
chr12	124369190	124369691	0.0	0.0
chr12	124422326	124422827	0.0	0.0
chr12	124422308	124422809	0.0	0.0
chr12	40489372	40489873	0.0	0.0
chr12	6555656	6556157	0.0	0.0
chr12	51323949	51324450	0.0	0.0
chr12	131227756	131228257	0.0	0.0
chr12	64319907	64320408	0.0	0.0
chr12	54034360	54034861	0.0	0.0
chr12	57627428	57627929	0.0	0.0
chr12	132644166	132644667	0.0	0.0
chr12	128823550	128824051	0.0	0.0
chr12	110123997	110124498	0.0	0.0
chr12	6766065	6766566	0.0	0.0
chr12	109309753	109310254	0.0	0.0
chr12	119989460	119989961	0.0	0.0
chr12	110123992	110124493	0.0	0.0
chr12	3365965	3366466	0.0	0.0
chr17	8311322	8311823	0.0	0.0
chr17	8311330	8311831	0.0	0.0
chr17	7497156	7497657	0.0	0.0
chr17	27263485	27263986	0.0	0.0
chr17	2312808	2313309	0.0	0.0
chr17	82844860	82845361	0.0	0.0
chr17	28828684	28829185	0.0	0.0
chr17	42575355	42575856	0.0	0.0
chr17	29237897	29238398	0.0	0.0
chr17	67470310	67470811	0.0	0.0
chr17	42569335	42569836	0.0	0.0
chr17	63753779	63754280	0.0	0.0
chr17	645796	646297	0.0	0.0
chr17	39468020	39468521	0.0	0.0
chr17	645879	646380	0.0	0.0
chr17	58192175	58192676	0.0	0.0
chr17	61220380	61220881	0.0	0.0
chr17	27295672	27296173	0.0	0.0
chr17	3915193	3915694	0.0	0.0
chr17	8126892	8127393	0.0	0.0
chr17	57426176	57426677	0.0	0.0
chr17	57426184	57426685	0.0	0.0
chr17	32348554	32349055	0.0	0.0
chr17	44245454	44245955	0.0	0.0
chr17	3914336	3914837	0.0	0.0
chr17	32348544	32349045	0.0	0.0
chr17	4834146	4834647	0.0	0.0
chr17	1791040	1791541	0.0	0.0
chr17	44245435	44245936	0.0	0.0
chr17	28737732	28738233	0.0	0.0
chr17	80112792	80113293	0.0	0.0
chr17	28737721	28738222	0.0	0.0
chr17	67578809	67579310	0.0	0.0
chr17	67587157	67587658	0.0	0.0
chr17	28737723	28738224	0.0	0.0
chr17	49754701	49755202	0.0	0.0
chr17	1201316	1201817	0.0	0.0
chr17	32528886	32529387	0.0	0.0
chr17	42484057	42484558	0.0	0.0
chr17	42484027	42484528	0.0	0.0
chr17	29757563	29758064	0.0	0.0
chr17	640502	641003	0.0	0.0
chr17	1890584	1891085	0.0	0.0
chr17	63707177	63707678	0.0	0.0
chr17	44414332	44414833	0.0	0.0
chr17	76328596	76329097	0.0	0.0
chr17	63659860	63660361	0.0	0.0
chr17	4129045	4129546	0.0	0.0
chr17	19609951	19610452	0.0	0.0
chr17	47516211	47516712	0.0	0.0
chr17	59809316	59809817	0.0	0.0
chr17	72120429	72120930	0.0	0.0
chr17	47516306	47516807	0.0	0.0
chr17	43976057	43976558	0.0	0.0
chr17	59809356	59809857	0.0	0.0
chr17	66602177	66602678	0.0	0.0
chr17	30980979	30981480	0.0	0.0
chr17	80731256	80731757	0.0	0.0
chr17	49817833	49818334	0.0	0.0
chr17	80731169	80731670	0.0	0.0
chr17	4683038	4683539	0.0	0.0
chr17	42829859	42830360	0.0	0.0
chr17	4039478	4039979	0.0	0.0
chr17	13719438	13719939	0.0	0.0
chr17	57015265	57015766	0.0	0.0
chr17	28649407	28649908	0.0	0.0
chr17	15602597	15603098	0.0	0.0
chr17	35656590	35657091	0.0	0.0
chr17	8684743	8685244	0.0	0.0
chr17	4804039	4804540	0.0	0.0
chr17	75427859	75428360	0.0	0.0
chr17	49228407	49228908	0.0	0.0
chr17	66736980	66737481	0.0	0.0
chr17	81356844	81357345	0.0	0.0
chr17	82137928	82138429	0.0	0.0
chr17	29278152	29278653	0.0	0.0
chr17	4877620	4878121	0.0	0.0
chr17	62527680	62528181	0.0	0.0
chr17	2288655	2289156	0.0	0.0
chr17	8590770	8591271	0.0	0.0
chr17	76525867	76526368	0.0	0.0
chr17	66736984	66737485	0.0	0.0
chr17	8336210	8336711	0.0	0.0
chr17	28446193	28446694	0.0	0.0
chr17	64781427	64781928	0.0	0.0
chr17	78360101	78360602	0.0	0.0
chr17	7261381	7261882	0.0	0.0
chr17	82051880	82052381	0.0	0.0
chr17	82231047	82231548	0.0	0.0
chr17	7884958	7885459	0.0	0.0
chr17	53550495	53550996	0.0	0.0
chr17	44790973	44791474	0.0	0.0
chr17	15602618	15603119	0.0	0.0
chr17	17724527	17725028	0.0	0.0
chr17	19563038	19563539	0.0	0.0
chr17	17724523	17725024	0.0	0.0
chr17	82959447	82959948	0.0	0.0
chr17	17724520	17725021	0.0	0.0
chr17	68358728	68359229	0.0	0.0
chr17	73009593	73010094	0.0	0.0
chr17	40186083	40186584	0.0	0.0
chr17	3848801	3849302	0.0	0.0
chr17	17961545	17962046	0.0	0.0
chr17	41188596	41189097	0.0	0.0
chr17	62460065	62460566	0.0	0.0
chr17	62236082	62236583	0.0	0.0
chr17	9268808	9269309	0.0	0.0
chr17	82471337	82471838	0.0	0.0
chr17	18383318	18383819	0.0	0.0
chr17	1931868	1932369	0.0	0.0
chr17	47708886	47709387	0.0	0.0
chr17	62686299	62686800	0.0	0.0
chr17	48432109	48432610	0.0	0.0
chr17	17206126	17206627	0.0	0.0
chr17	17206113	17206614	0.0	0.0
chr17	3659572	3660073	0.0	0.0
chr17	2749279	2749780	0.0	0.0
chr17	77407744	77408245	0.0	0.0
chr17	82750957	82751458	0.0	0.0
chr17	75501375	75501876	0.0	0.0
chr17	63700527	63701028	0.0	0.0
chr17	8162716	8163217	0.0	0.0
chr17	30921927	30922428	0.0	0.0
chr22	28750666	28751167	0.0	0.0
chr22	46792522	46793023	0.0	0.0
chr22	19483175	19483676	0.0	0.0
chr22	46792519	46793020	0.0	0.0
chr22	36923323	36923824	0.0	0.0
chr22	18145117	18145618	0.0	0.0
chr22	31228082	31228583	0.0	0.0
chr22	29840691	29841192	0.0	0.0
chr22	40441685	40442186	0.0	0.0
chr22	29192379	29192880	0.0	0.0
chr22	33491193	33491694	0.0	0.0
chr22	38710242	38710743	0.0	0.0
chr22	24521760	24522261	0.0	0.0
chr22	30397692	30398193	0.0	0.0
chr22	41422766	41423267	0.0	0.0
chr22	20721728	20722229	0.0	0.0
chr22	41936296	41936797	0.0	0.0
chr22	23752744	23753245	0.0	0.0
chr22	40435477	40435978	0.0	0.0
chr22	17594681	17595182	0.0	0.0
chr22	40241139	40241640	0.0	0.0
chr22	21764702	21765203	0.0	0.0
chr22	19426955	19427456	0.0	0.0
chr22	20556511	20557012	0.0	0.0
chr22	19420163	19420664	0.0	0.0
chr22	20571073	20571574	0.0	0.0
chr22	46290607	46291108	0.0	0.0
chr22	20556513	20557014	0.0	0.0
chr22	20556465	20556966	0.0	0.0
chr22	20556459	20556960	0.0	0.0
chr22	46290588	46291089	0.0	0.0
chr22	31466245	31466746	0.0	0.0
chr22	19706746	19707247	0.0	0.0
chr22	32476212	32476713	0.0	0.0
chr22	18873337	18873838	0.0	0.0
chr22	20356939	20357440	0.0	0.0
chr22	46044653	46045154	0.0	0.0
chr22	46044667	46045168	0.0	0.0
chr22	46044671	46045172	0.0	0.0
chr22	49670502	49671003	0.0	0.0
chr22	46053394	46053895	0.0	0.0
chr22	48489247	48489748	0.0	0.0
chr22	46537640	46538141	0.0	0.0
chr22	49670507	49671008	0.0	0.0
chr22	49848933	49849434	0.0	0.0
chr22	49670554	49671055	0.0	0.0
chr22	46268003	46268504	0.0	0.0
chr22	48489321	48489822	0.0	0.0
chr22	48489249	48489750	0.0	0.0
chr22	49670475	49670976	0.0	0.0
chr22	48489284	48489785	0.0	0.0
chr22	50548292	50548793	0.0	0.0
chr22	50184888	50185389	0.0	0.0
chr22	50673561	50674062	0.0	0.0
chr22	49934974	49935475	0.0	0.0
chr22	49848645	49849146	0.0	0.0
chr22	49848464	49848965	0.0	0.0
chr22	46537626	46538127	0.0	0.0
chr22	48576104	48576605	0.0	0.0
chr22	48576209	48576710	0.0	0.0
chr22	50015059	50015560	0.0	0.0
chr22	49929198	49929699	0.0	0.0
chr22	50548306	50548807	0.0	0.0
chr22	49670566	49671067	0.0	0.0
chr22	50600831	50601332	0.0	0.0
chr22	50010681	50011182	0.0	0.0
chr22	49848875	49849376	0.0	0.0
chr22	50531412	50531913	0.0	0.0
chr22	49848888	49849389	0.0	0.0
chr22	48489325	48489826	0.0	0.0
chr22	49670442	49670943	0.0	0.0
chr22	50169697	50170198	0.0	0.0
chr22	49929256	49929757	0.0	0.0
chr22	50271345	50271846	0.0	0.0
chr22	49983531	49984032	0.0	0.0
chr22	48576102	48576603	0.0	0.0
chr22	49670451	49670952	0.0	0.0
chr22	21746346	21746847	0.0	0.0
chr22	36289775	36290276	0.0	0.0
chr22	36289725	36290226	0.0	0.0
chr22	38752311	38752812	0.0	0.0
chr22	36289705	36290206	0.0	0.0
chr22	29495398	29495899	0.0	0.0
chr22	32536985	32537486	0.0	0.0
chr22	41853700	41854201	0.0	0.0
chr22	16601014	16601515	0.0	0.0
chr22	16601034	16601535	0.0	0.0
chr22	16601020	16601521	0.0	0.0
chr22	16601668	16602169	0.0	0.0
chr22	16601659	16602160	0.0	0.0
chr22	16601026	16601527	0.0	0.0
chr22	16601732	16602233	0.0	0.0
chr22	16602004	16602505	0.0	0.0
chr22	16601739	16602240	0.0	0.0
chr22	16601922	16602423	0.0	0.0
chr22	16601687	16602188	0.0	0.0
chr22	16601977	16602478	0.0	0.0
chr22	16601032	16601533	0.0	0.0
chr22	16601864	16602365	0.0	0.0
chr22	16601754	16602255	0.0	0.0
chr22	16602040	16602541	0.0	0.0
chr22	19941342	19941843	0.0	0.0
chr22	16602324	16602825	0.0	0.0
chr22	16602035	16602536	0.0	0.0
chr22	19941456	19941957	0.0	0.0
chr22	19941468	19941969	0.0	0.0
chr22	16601717	16602218	0.0	0.0
chr22	16601991	16602492	0.0	0.0
chr22	16602001	16602502	0.0	0.0
chr22	16602031	16602532	0.0	0.0
chr22	16601695	16602196	0.0	0.0
chr22	16609850	16610351	0.0	0.0
chr22	19941379	19941880	0.0	0.0
chr22	16602220	16602721	0.0	0.0
chr22	16601900	16602401	0.0	0.0
chr22	19941393	19941894	0.0	0.0
chr22	19941377	19941878	0.0	0.0
chr22	16602051	16602552	0.0	0.0
chr22	19941404	19941905	0.0	0.0
chr22	19941527	19942028	0.0	0.0
chr22	19941603	19942104	0.0	0.0
chr22	19941589	19942090	0.0	0.0
chr22	19941410	19941911	0.0	0.0
chr22	19941412	19941913	0.0	0.0
chr22	19941480	19941981	0.0	0.0
chr22	19941634	19942135	0.0	0.0
chr22	19941506	19942007	0.0	0.0
chr22	19941484	19941985	0.0	0.0
chr22	19941292	19941793	0.0	0.0
chr22	19941408	19941909	0.0	0.0
chr22	16602246	16602747	0.0	0.0
chr22	19941340	19941841	0.0	0.0
chr22	16602042	16602543	0.0	0.0
chr22	19941425	19941926	0.0	0.0
chr22	19941423	19941924	0.0	0.0
chr22	19941639	19942140	0.0	0.0
chr22	19941374	19941875	0.0	0.0
chr22	16602015	16602516	0.0	0.0
chr22	19941629	19942130	0.0	0.0
chr22	19941591	19942092	0.0	0.0
chr22	50170053	50170554	0.0	0.0
chr22	19941500	19942001	0.0	0.0
chr22	19941532	19942033	0.0	0.0
chr22	50548358	50548859	0.0	0.0
chr22	19941496	19941997	0.0	0.0
chr22	19941637	19942138	0.0	0.0
chr22	19941436	19941937	0.0	0.0
chr22	19941473	19941974	0.0	0.0
chr22	19941608	19942109	0.0	0.0
chr22	42575763	42576264	0.0	0.0
chr22	19941688	19942189	0.0	0.0
chr22	20130891	20131392	0.0	0.0
chr22	19941431	19941932	0.0	0.0
chr22	19941600	19942101	0.0	0.0
chr22	29720035	29720536	0.0	0.0
chr22	19941678	19942179	0.0	0.0
chr22	19941512	19942013	0.0	0.0
chr22	49961176	49961677	0.0	0.0
chr22	19941682	19942183	0.0	0.0
chr22	19941586	19942087	0.0	0.0
chr22	19941613	19942114	0.0	0.0
chr22	19941323	19941824	0.0	0.0
chr22	19941625	19942126	0.0	0.0
chr22	19941463	19941964	0.0	0.0
chr22	29072999	29073500	0.0	0.0
chr22	19941489	19941990	0.0	0.0
chr22	19941461	19941962	0.0	0.0
chr22	19941466	19941967	0.0	0.0
chr22	20437508	20438009	0.0	0.0
chr22	16737876	16738377	0.0	0.0
chr22	16919458	16919959	0.0	0.0
chr22	18785768	18786269	0.0	0.0
chr22	44100985	44101486	0.0	0.0
chr22	19765698	19766199	0.0	0.0
chr22	19765680	19766181	0.0	0.0
chr22	19765827	19766328	0.0	0.0
chr22	19765642	19766143	0.0	0.0
chr22	19766291	19766792	0.0	0.0
chr22	25564438	25564939	0.0	0.0
chr22	19766339	19766840	0.0	0.0
chr22	19766008	19766509	0.0	0.0
chr22	19766426	19766927	0.0	0.0
chr22	19765817	19766318	0.0	0.0
chr22	19766438	19766939	0.0	0.0
chr22	19765986	19766487	0.0	0.0
chr22	20267855	20268356	0.0	0.0
chr22	19765622	19766123	0.0	0.0
chr22	19765616	19766117	0.0	0.0
chr22	19767233	19767734	0.0	0.0
chr22	19766445	19766946	0.0	0.0
chr22	40353499	40354000	0.0	0.0
chr22	19765857	19766358	0.0	0.0
chr22	19766483	19766984	0.0	0.0
chr22	19765696	19766197	0.0	0.0
chr22	19765811	19766312	0.0	0.0
chr22	19765862	19766363	0.0	0.0
chr22	19766460	19766961	0.0	0.0
chr22	19767196	19767697	0.0	0.0
chr22	19765859	19766360	0.0	0.0
chr22	19765609	19766110	0.0	0.0
chr22	19765539	19766040	0.0	0.0
chr22	20206073	20206574	0.0	0.0
chr22	19765672	19766173	0.0	0.0
chr22	19766357	19766858	0.0	0.0
chr22	50200727	50201228	0.0	0.0
chr22	19765728	19766229	0.0	0.0
chr22	19766315	19766816	0.0	0.0
chr22	19766429	19766930	0.0	0.0
chr22	19767207	19767708	0.0	0.0
chr22	19765635	19766136	0.0	0.0
chr22	19765602	19766103	0.0	0.0
chr22	32551900	32552401	0.0	0.0
chr22	38134167	38134668	0.0	0.0
chr22	37182288	37182789	0.0	0.0
chr22	50280377	50280878	0.0	0.0
chr22	17134642	17135143	0.0	0.0
chr22	19721953	19722454	0.0	0.0
chr22	46080139	46080640	0.0	0.0
chr22	39209814	39210315	0.0	0.0
chr22	38088920	38089421	0.0	0.0
chr22	20267461	20267962	0.0	0.0
chr22	46078076	46078577	0.0	0.0
chr22	46090171	46090672	0.0	0.0
chr22	37206761	37207262	0.0	0.0
chr22	46080237	46080738	0.0	0.0
chr22	39994759	39995260	0.0	0.0
chr22	38207289	38207790	0.0	0.0
chr22	39994788	39995289	0.0	0.0
chr22	50058066	50058567	0.0	0.0
chr22	23070046	23070547	0.0	0.0
chr22	40044963	40045464	0.0	0.0
chr22	39994750	39995251	0.0	0.0
chr18	9874570	9875071	0.0	0.0
chr18	57583080	57583581	0.0	0.0
chr18	13309731	13310232	0.0	0.0
chr18	13309688	13310189	0.0	0.0
chr18	57583136	57583637	0.0	0.0
chr18	13055123	13055624	0.0	0.0
chr18	49793203	49793704	0.0	0.0
chr18	57583096	57583597	0.0	0.0
chr18	361343	361844	0.0	0.0
chr18	36060326	36060827	0.0	0.0
chr18	2957845	2958346	0.0	0.0
chr18	2957822	2958323	0.0	0.0
chr18	36060297	36060798	0.0	0.0
chr18	62296291	62296792	0.0	0.0
chr18	69910080	69910581	0.0	0.0
chr18	9792827	9793328	0.0	0.0
chr18	38683573	38684074	0.0	0.0
chr18	45153137	45153638	0.0	0.0
chr18	67418325	67418826	0.0	0.0
chr18	79882621	79883122	0.0	0.0
chr18	12431138	12431639	0.0	0.0
chr18	76374596	76375097	0.0	0.0
chr18	63569493	63569994	0.0	0.0
chr18	12264403	12264904	0.0	0.0
chr18	6238897	6239398	0.0	0.0
chr18	50589301	50589802	0.0	0.0
chr18	7078072	7078573	0.0	0.0
chr18	12527642	12528143	0.0	0.0
chr18	71226914	71227415	0.0	0.0
chr18	13217706	13218207	0.0	0.0
chr18	11980994	11981495	0.0	0.0
chr18	32555772	32556273	0.0	0.0
chr18	12716344	12716845	0.0	0.0
chr18	12253952	12254453	0.0	0.0
chr18	3336019	3336520	0.0	0.0
chr18	21462925	21463426	0.0	0.0
chr18	71833630	71834131	0.0	0.0
chr18	3335892	3336393	0.0	0.0
chr18	22849273	22849774	0.0	0.0
chr18	12134392	12134893	0.0	0.0
chr18	21564335	21564836	0.0	0.0
chr18	52181834	52182335	0.0	0.0
chr18	48005899	48006400	0.0	0.0
chr18	48409274	48409775	0.0	0.0
chr18	77058305	77058806	0.0	0.0
chr18	48161717	48162218	0.0	0.0
chr19	48908653	48909154	0.0	0.0
chr19	43692627	43693128	0.0	0.0
chr19	17999616	18000117	0.0	0.0
chr19	12887370	12887871	0.0	0.0
chr19	12947863	12948364	0.0	0.0
chr19	19061523	19062024	0.0	0.0
chr19	11420694	11421195	0.0	0.0
chr19	1836627	1837128	0.0	0.0
chr19	43765847	43766348	0.0	0.0
chr19	48909285	48909786	0.0	0.0
chr19	1648170	1648671	0.0	0.0
chr19	4863744	4864245	0.0	0.0
chr19	16372222	16372723	0.0	0.0
chr19	29679159	29679660	0.0	0.0
chr19	2082083	2082584	0.0	0.0
chr19	16372418	16372919	0.0	0.0
chr19	42200266	42200767	0.0	0.0
chr19	32642851	32643352	0.0	0.0
chr19	29675977	29676478	0.0	0.0
chr19	2737234	2737735	0.0	0.0
chr19	42591312	42591813	0.0	0.0
chr19	4950668	4951169	0.0	0.0
chr19	2737250	2737751	0.0	0.0
chr19	50029984	50030485	0.0	0.0
chr19	54136441	54136942	0.0	0.0
chr19	20659783	20660284	0.0	0.0
chr19	874559	875060	0.0	0.0
chr19	52736471	52736972	0.0	0.0
chr19	52736469	52736970	0.0	0.0
chr19	550499	551000	0.0	0.0
chr19	51975861	51976362	0.0	0.0
chr19	52736475	52736976	0.0	0.0
chr19	32642880	32643381	0.0	0.0
chr19	32642464	32642965	0.0	0.0
chr19	38842449	38842950	0.0	0.0
chr19	32642812	32643313	0.0	0.0
chr19	32642859	32643360	0.0	0.0
chr19	34350391	34350892	0.0	0.0
chr19	29673062	29673563	0.0	0.0
chr19	34350361	34350862	0.0	0.0
chr19	53401204	53401705	0.0	0.0
chr19	4135788	4136289	0.0	0.0
chr19	41179654	41180155	0.0	0.0
chr19	53331813	53332314	0.0	0.0
chr19	4616391	4616892	0.0	0.0
chr19	34451359	34451860	0.0	0.0
chr19	1212776	1213277	0.0	0.0
chr19	44963160	44963661	0.0	0.0
chr19	40191240	40191741	0.0	0.0
chr19	17948076	17948577	0.0	0.0
chr19	20064200	20064701	0.0	0.0
chr19	35269133	35269634	0.0	0.0
chr19	40613723	40614224	0.0	0.0
chr19	47239438	47239939	0.0	0.0
chr19	1104185	1104686	0.0	0.0
chr19	2253038	2253539	0.0	0.0
chr19	12996328	12996829	0.0	0.0
chr19	40191248	40191749	0.0	0.0
chr19	40613660	40614161	0.0	0.0
chr19	40613666	40614167	0.0	0.0
chr19	40613638	40614139	0.0	0.0
chr19	47239560	47240061	0.0	0.0
chr19	38211084	38211585	0.0	0.0
chr19	40613759	40614260	0.0	0.0
chr19	2252871	2253372	0.0	0.0
chr19	18606556	18607057	0.0	0.0
chr19	2015387	2015888	0.0	0.0
chr19	50330689	50331190	0.0	0.0
chr19	2253053	2253554	0.0	0.0
chr19	40613650	40614151	0.0	0.0
chr19	46493211	46493712	0.0	0.0
chr19	40613786	40614287	0.0	0.0
chr19	47239343	47239844	0.0	0.0
chr19	55600029	55600530	0.0	0.0
chr19	47239345	47239846	0.0	0.0
chr19	4065605	4066106	0.0	0.0
chr19	40613757	40614258	0.0	0.0
chr19	3062359	3062860	0.0	0.0
chr19	33796067	33796568	0.0	0.0
chr19	40613825	40614326	0.0	0.0
chr19	2253164	2253665	0.0	0.0
chr19	4066377	4066878	0.0	0.0
chr19	55600039	55600540	0.0	0.0
chr19	40613799	40614300	0.0	0.0
chr19	23365461	23365962	0.0	0.0
chr19	10973404	10973905	0.0	0.0
chr19	38187451	38187952	0.0	0.0
chr19	36352562	36353063	0.0	0.0
chr19	49527851	49528352	0.0	0.0
chr19	32490563	32491064	0.0	0.0
chr19	53331837	53332338	0.0	0.0
chr19	4288882	4289383	0.0	0.0
chr19	3286762	3287263	0.0	0.0
chr19	35823523	35824024	0.0	0.0
chr19	8233851	8234352	0.0	0.0
chr19	12500825	12501326	0.0	0.0
chr19	6259485	6259986	0.0	0.0
chr19	13002471	13002972	0.0	0.0
chr19	3843307	3843808	0.0	0.0
chr19	1496179	1496680	0.0	0.0
chr19	13096311	13096812	0.0	0.0
chr19	47680263	47680764	0.0	0.0
chr19	1877375	1877876	0.0	0.0
chr19	1496182	1496683	0.0	0.0
chr19	1877390	1877891	0.0	0.0
chr19	18870278	18870779	0.0	0.0
chr19	17363636	17364137	0.0	0.0
chr19	18870272	18870773	0.0	0.0
chr19	1285928	1286429	0.0	0.0
chr19	932458	932959	0.0	0.0
chr19	7619767	7620268	0.0	0.0
chr19	1753588	1754089	0.0	0.0
chr19	1469833	1470334	0.0	0.0
chr19	47694150	47694651	0.0	0.0
chr19	49801463	49801964	0.0	0.0
chr19	38975657	38976158	0.0	0.0
chr19	13184857	13185358	0.0	0.0
chr19	47694167	47694668	0.0	0.0
chr19	57171989	57172490	0.0	0.0
chr19	1226087	1226588	0.0	0.0
chr19	33301708	33302209	0.0	0.0
chr19	4581250	4581751	0.0	0.0
chr19	6424289	6424790	0.0	0.0
chr21	39178250	39178751	0.0	0.0
chr21	17812316	17812817	0.0	0.0
chr21	38763662	38764163	0.0	0.0
chr21	42547058	42547559	0.0	0.0
chr21	36253597	36254098	0.0	0.0
chr21	36255460	36255961	0.0	0.0
chr21	36255456	36255957	0.0	0.0
chr21	45266276	45266777	0.0	0.0
chr21	36200112	36200613	0.0	0.0
chr21	32751141	32751642	0.0	0.0
chr21	32637058	32637559	0.0	0.0
chr21	44369948	44370449	0.0	0.0
chr21	15733547	15734048	0.0	0.0
chr21	32729154	32729655	0.0	0.0
chr21	34682615	34683116	0.0	0.0
chr21	16595650	16596151	0.0	0.0
chr21	25914363	25914864	0.0	0.0
chr21	41448411	41448912	0.0	0.0
chr21	41448423	41448924	0.0	0.0
chr21	35589394	35589895	0.0	0.0
chr21	18927317	18927818	0.0	0.0
chr21	18927321	18927822	0.0	0.0
chr21	42061412	42061913	0.0	0.0
chr21	42863671	42864172	0.0	0.0
chrX	44920873	44921374	0.0	0.0
chrX	77894370	77894871	0.0	0.0
chrX	65682432	65682933	0.0	0.0
chrX	20135595	20136096	0.0	0.0
chrX	16680453	16680954	0.0	0.0
chrX	79904520	79905021	0.0	0.0
chrX	119073055	119073556	0.0	0.0
chrX	3815892	3816393	0.0	0.0
chrX	74569447	74569948	0.0	0.0
chrX	128606765	128607266	0.0	0.0
chrX	71014642	71015143	0.0	0.0
chrX	40935498	40935999	0.0	0.0
chrX	15922191	15922692	0.0	0.0
chrX	149881404	149881905	0.0	0.0
chrX	41275722	41276223	0.0	0.0
chrX	12826382	12826883	0.0	0.0
chrX	100973238	100973739	0.0	0.0
chrX	74571205	74571706	0.0	0.0
chrX	3605563	3606064	0.0	0.0
chrX	3814888	3815389	0.0	0.0
chrX	40152903	40153404	0.0	0.0
chrX	16757328	16757829	0.0	0.0
chrX	3713878	3714379	0.0	0.0
chrX	120089401	120089902	0.0	0.0
chrX	149435865	149436366	0.0	0.0
chrX	114611532	114612033	0.0	0.0
chrX	149867305	149867806	0.0	0.0
chrX	21715062	21715563	0.0	0.0
chrX	3814784	3815285	0.0	0.0
chrX	116513531	116514032	0.0	0.0
chrX	3814922	3815423	0.0	0.0
chrX	44781293	44781794	0.0	0.0
chrX	74296088	74296589	0.0	0.0
chrX	3814935	3815436	0.0	0.0
chrX	3815907	3816408	0.0	0.0
chrX	3815940	3816441	0.0	0.0
chrX	16672886	16673387	0.0	0.0
chrX	3814866	3815367	0.0	0.0
chrX	15695859	15696360	0.0	0.0
chrX	3814897	3815398	0.0	0.0
chrX	69421741	69422242	0.0	0.0
chrX	44838754	44839255	0.0	0.0
chrX	13071892	13072393	0.0	0.0
chrX	89254226	89254727	0.0	0.0
chrX	3814871	3815372	0.0	0.0
chrX	3814938	3815439	0.0	0.0
chrX	3814907	3815408	0.0	0.0
chrX	3814924	3815425	0.0	0.0
chrX	41268137	41268638	0.0	0.0
chrX	3814208	3814709	0.0	0.0
chrX	31896917	31897418	0.0	0.0
chrX	52826902	52827403	0.0	0.0
chrX	3814826	3815327	0.0	0.0
chrX	23375124	23375625	0.0	0.0
chrX	71452410	71452911	0.0	0.0
chrX	71319312	71319813	0.0	0.0
chrX	52285268	52285769	0.0	0.0
chrX	3816092	3816593	0.0	0.0
chrX	3814909	3815410	0.0	0.0
chrX	49035216	49035717	0.0	0.0
chrX	3815936	3816437	0.0	0.0
chrX	3814617	3815118	0.0	0.0
chrX	71347375	71347876	0.0	0.0
chrX	53232541	53233042	0.0	0.0
chrX	3814838	3815339	0.0	0.0
chrX	3815955	3816456	0.0	0.0
chrX	3814915	3815416	0.0	0.0
chrX	150250540	150251041	0.0	0.0
chrX	3814802	3815303	0.0	0.0
chrX	3814982	3815483	0.0	0.0
chrX	3814931	3815432	0.0	0.0
chrX	71324308	71324809	0.0	0.0
chrX	3814947	3815448	0.0	0.0
chrX	15797022	15797523	0.0	0.0
chrX	3815959	3816460	0.0	0.0
chrX	71299817	71300318	0.0	0.0
chrX	92406630	92407131	0.0	0.0
chrX	102965811	102966312	0.0	0.0
chrX	27398117	27398618	0.0	0.0
chrX	40834443	40834944	0.0	0.0
chrX	18400834	18401335	0.0	0.0
chrX	151456712	151457213	0.0	0.0
chrX	13865968	13866469	0.0	0.0
chrX	8732086	8732587	0.0	0.0
chrX	8732049	8732550	0.0	0.0
chrX	8732150	8732651	0.0	0.0
chrX	8732064	8732565	0.0	0.0
chrX	8732023	8732524	0.0	0.0
chrX	8732043	8732544	0.0	0.0
chrX	133415306	133415807	0.0	0.0
chrX	8732154	8732655	0.0	0.0
chrX	8732058	8732559	0.0	0.0
chrX	8732103	8732604	0.0	0.0
chrX	8732108	8732609	0.0	0.0
chrX	153470616	153471117	0.0	0.0
chrX	8732106	8732607	0.0	0.0
chrX	8732027	8732528	0.0	0.0
chrX	8732083	8732584	0.0	0.0
chrX	9427061	9427562	0.0	0.0
chrX	46395124	46395625	0.0	0.0
chrX	103104812	103105313	0.0	0.0
chrX	118209569	118210070	0.0	0.0
chrX	154239551	154240052	0.0	0.0
chrX	84855459	84855960	0.0	0.0
chrX	118490411	118490912	0.0	0.0
chrX	9785457	9785958	0.0	0.0
chrX	23199308	23199809	0.0	0.0
